-1
14
4
21
27
36
83
61
65
109
97
67
36
38
60
101
106
96
81
109
98
38
40
30
12
5
5
1
1
0
0
-1
1
3
24
20
29
48
89
83
52
44
56
74
88
74
137
75
48
43
61
24
16
6
11
28
15
7
2
0
0
0
-1
2
4
18
20
26
33
23
32
77
99
159
154
247
291
121
90
72
79
92
33
25
24
18
36
20
9
2
0
0
0
0
-1
2
4
42
55
22
36
27
38
35
14
17
35
48
115
347
690
234
250
474
509
196
168
68
68
22
4
1
0
0
0
-1
6
24
191
122
189
182
91
117
103
98
127
84
49
100
72
98
179
36
28
96
76
29
27
20
16
5
4
1
0
0
0
-1
3
16
38
24
118
64
153
78
46
77
123
181
163
159
109
88
76
78
145
38
191
48
15
5
5
4
4
1
0
0
-1
16
9
98
42
30
51
40
84
171
127
131
135
60
111
89
64
60
75
51
48
42
17
15
6
12
16
8
1
0
0
0
0
-1
1
3
65
23
31
24
38
47
145
134
71
127
130
102
69
61
95
48
34
43
13
18
26
25
18
3
1
1
0
0
-1
2
9
36
21
21
36
61
228
138
80
231
189
75
115
98
88
60
124
51
32
36
145
105
20
47
14
3
1
0
-1
1
15
28
33
40
71
119
162
257
201
170
309
265
158
229
268
181
162
110
78
61
47
64
20
18
7
3
0
0
0
-1
2
3
30
72
175
56
179
45
56
47
99
142
66
36
48
86
84
148
220
152
182
108
143
39
22
7
10
1
0
0
-1
3
4
42
51
30
71
88
184
315
320
333
530
596
284
158
71
170
154
183
82
121
262
95
147
20
30
25
13
2
0
0
0
-1
11
5
27
34
47
44
83
79
39
80
34
59
28
15
20
13
20
13
15
18
37
40
63
48
30
14
7
1
0
0
-1
3
15
65
60
52
37
51
94
148
150
129
93
101
52
161
75
156
76
73
38
62
37
49
12
13
9
3
0
0
0
-1
2
31
36
32
36
58
100
138
184
110
78
111
32
40
55
64
97
45
35
5
12
12
21
23
33
11
7
2
0
0
-1
4
5
28
27
40
44
124
98
99
132
125
70
157
262
139
75
120
216
71
59
61
62
57
75
69
23
16
1
0
0
-1
1
5
54
63
45
118
111
50
139
173
139
224
292
158
178
203
151
149
199
65
26
28
35
22
9
19
3
1
0
0
-1
3
4
26
36
38
91
68
64
67
30
33
169
43
59
108
108
70
58
65
86
84
34
17
12
6
3
0
0
0
0
-1
3
18
24
26
67
93
40
89
115
206
315
587
282
184
103
98
108
77
46
18
25
11
1
1
1
1
0
0
-1
2
4
24
21
20
18
49
60
60
56
42
164
139
92
233
179
220
74
98
70
68
122
108
25
18
47
7
0
0
0
0
-1
1
6
105
62
21
29
37
55
199
293
179
248
174
109
75
54
66
40
54
47
39
53
18
11
10
5
5
3
1
0
0
0
-1
2
4
27
24
36
74
67
116
89
81
68
93
127
81
94
145
71
61
58
90
137
26
10
6
7
3
1
1
0
0
-1
4
7
40
30
28
47
113
175
78
75
124
248
277
249
92
107
55
55
53
84
81
114
72
62
3
3
3
1
0
0
-1
2
4
28
29
51
45
84
56
64
149
276
96
140
247
193
241
309
268
272
84
72
133
79
92
36
23
10
2
0
0
0
-1
2
13
49
100
91
121
75
129
138
81
90
269
186
302
170
83
72
177
74
42
36
47
27
13
13
6
2
0
0
0
-1
2
5
26
37
30
44
63
95
210
267
282
154
227
85
140
100
68
56
59
58
25
28
28
4
6
7
0
0
0
0
-1
2
5
26
42
63
89
153
135
108
130
104
70
82
86
96
120
122
34
104
113
86
40
19
6
9
7
5
2
0
0
-1
2
4
28
28
30
99
85
79
149
167
261
322
275
227
251
338
218
155
172
123
58
51
35
27
24
18
5
2
0
0
-1
2
6
50
56
32
46
53
58
66
56
57
65
65
61
86
40
78
132
60
51
51
40
44
15
8
2
10
1
0
0
-1
2
5
33
45
53
90
114
125
205
147
187
262
367
225
207
74
155
308
91
31
67
195
40
19
7
3
2
0
0
0
-1
2
4
33
48
28
41
86
96
72
92
87
96
47
49
87
29
23
30
37
55
23
25
23
27
2
27
5
0
-1
8
91
36
70
247
56
80
86
143
211
384
169
172
323
271
115
245
101
127
89
88
38
77
10
11
2
2
16
0
0
-1
1
20
30
32
50
112
80
129
118
156
78
65
123
68
234
151
106
63
54
50
39
45
33
30
30
14
0
0
0
0
-1
12
4
41
32
42
68
92
90
54
101
112
211
239
164
219
130
99
60
89
74
54
42
22
32
12
5
4
0
0
0
-1
3
7
23
58
47
50
136
219
214
250
214
403
136
214
93
152
54
109
112
45
59
65
22
6
10
2
1
0
0
0
-1
5
7
29
22
33
77
184
160
163
254
157
231
227
220
107
156
94
162
116
59
24
48
39
26
63
42
11
1
0
0
-1
1
5
30
44
39
100
87
77
99
92
128
65
144
100
92
115
185
123
82
45
19
8
14
13
31
14
6
3
0
0
-1
4
5
28
22
51
69
81
88
209
265
176
177
143
159
149
110
47
85
67
29
77
119
42
35
40
8
4
1
0
0
0
-1
2
4
51
33
29
85
86
109
54
91
79
47
48
71
74
106
68
45
16
19
2
19
12
12
20
7
6
0
0
0
-1
3
5
38
26
58
57
67
105
279
203
207
136
158
221
146
129
82
67
89
75
98
68
48
38
85
14
16
1
0
0
0
-1
1
4
31
33
26
72
100
81
120
207
249
171
395
203
333
387
180
177
74
47
34
47
16
18
11
8
7
2
0
0
-1
2
5
30
33
54
129
178
120
153
184
123
176
120
169
150
102
97
144
115
157
212
89
25
16
33
6
3
2
0
0
-1
1
5
38
41
41
96
105
147
76
31
54
153
122
167
157
153
149
111
44
30
35
31
51
17
17
5
0
0
0
0
-1
3
6
28
48
43
66
62
133
124
187
241
48
172
81
74
96
119
68
29
75
36
49
18
40
10
3
2
0
0
0
-1
2
5
32
23
59
72
54
58
62
56
49
63
40
61
52
55
66
93
77
36
120
28
24
14
7
1
2
0
0
0
-1
1
4
25
48
98
116
75
108
145
235
244
162
168
167
150
114
103
66
35
33
21
19
13
18
26
9
2
0
0
0
0
-1
2
4
43
38
30
67
30
62
79
92
71
155
125
132
132
146
135
131
316
262
182
50
10
10
3
8
2
0
0
0
-1
3
3
40
40
40
60
86
64
72
254
53
83
31
33
33
54
33
120
26
19
25
17
32
19
19
12
6
0
0
0
-1
5
5
48
34
27
72
108
73
85
69
33
32
35
67
154
82
134
212
183
61
32
36
86
7
7
2
1
0
0
-1
2
8
80
75
34
29
39
97
124
104
84
73
75
101
77
65
130
142
372
65
96
21
44
12
14
4
2
2
0
0
-1
4
9
27
25
121
50
76
41
58
41
270
45
62
45
54
88
48
68
39
50
13
20
8
4
1
2
0
1
0
0
-1
2
3
27
20
28
55
61
58
63
122
231
152
195
301
226
176
109
173
41
67
19
22
17
7
8
7
7
3
0
0
0
-1
3
4
22
25
61
23
99
122
169
91
60
129
167
378
314
315
104
97
69
67
33
59
17
38
4
6
2
0
0
0
-1
3
4
22
36
31
54
56
66
109
118
81
75
60
51
63
32
24
49
19
17
14
13
13
11
9
6
3
0
0
0
-1
1
4
18
24
20
36
26
49
122
78
89
59
86
89
236
38
65
65
66
121
30
28
17
16
9
9
1
0
0
-1
2
3
28
54
58
176
132
157
207
169
125
80
72
48
78
94
90
70
25
87
54
50
35
28
23
10
6
1
0
0
-1
3
9
28
42
31
70
169
117
151
86
123
117
177
163
167
154
78
143
370
267
142
58
44
101
67
77
12
11
0
1
-1
7
5
110
40
33
167
95
71
96
129
65
74
31
83
51
85
78
60
76
112
54
102
51
50
23
10
4
2
0
0
0
-1
2
5
30
51
48
73
101
113
276
242
530
198
142
126
113
100
98
77
88
148
124
133
115
84
12
2
1
0
0
-1
2
5
32
27
67
61
76
138
108
151
124
234
179
179
131
64
64
73
44
44
17
37
38
12
10
7
2
0
0
0
-1
3
3
24
43
42
83
106
142
22
114
245
103
139
213
121
66
161
129
78
68
56
128
102
52
31
28
6
1
0
0
-1
1
3
23
19
31
20
12
33
14
14
18
31
54
42
31
39
64
89
62
29
13
7
2
3
5
2
4
0
0
0
-1
2
4
22
18
17
33
22
34
30
42
35
65
166
63
57
126
151
50
92
78
62
34
17
11
8
1
0
0
0
-1
5
4
22
25
24
41
31
116
100
119
54
105
182
109
47
35
27
23
25
21
33
19
14
13
15
8
2
0
0
0
-1
2
8
22
27
30
29
37
20
133
346
129
157
87
62
155
343
98
62
83
180
63
37
31
24
13
17
13
2
0
0
-1
4
10
33
20
26
63
131
61
89
66
63
75
40
109
56
25
28
29
13
8
7
3
1
2
1
1
0
0
0
0
-1
1
3
20
30
28
64
53
45
46
52
81
84
129
113
141
119
99
125
88
64
47
46
44
38
5
4
1
0
0
-1
2
3
20
23
22
52
43
36
60
38
33
38
46
52
32
59
33
43
44
34
24
14
10
2
5
5
0
0
0
0
-1
1
5
36
23
22
35
70
59
106
115
51
56
38
72
37
81
51
33
38
59
29
28
16
19
18
4
3
0
0
0
0
-1
2
4
44
30
52
135
153
133
113
86
79
110
202
186
155
118
106
103
150
53
41
93
50
72
15
15
7
1
0
0
-1
2
9
26
47
42
54
122
122
72
213
225
135
143
114
106
226
144
151
107
60
57
85
46
28
10
9
11
1
0
0
-1
2
5
25
60
37
22
197
242
152
251
181
177
140
257
134
200
97
96
79
51
279
56
14
26
12
5
3
1
0
0
-1
2
4
20
23
20
37
54
60
74
97
73
74
60
41
29
50
34
28
29
36
51
32
60
42
41
21
5
1
0
0
-1
1
4
17
24
19
30
75
89
61
83
61
45
38
36
68
54
58
59
63
91
39
31
21
17
17
13
6
0
0
0
0
-1
3
4
20
17
22
26
22
49
88
76
86
62
62
110
169
122
62
78
59
40
18
15
15
6
1
0
0
0
0
-1
2
3
20
23
27
31
54
76
127
147
104
108
196
235
221
146
98
91
77
42
24
33
19
16
3
1
2
0
0
0
-1
2
4
23
24
25
42
63
50
68
129
98
88
101
84
100
107
74
71
24
26
39
42
10
7
3
6
1
0
0
0
-1
2
4
27
20
24
32
47
47
84
73
102
55
33
28
71
67
73
39
46
61
67
38
38
17
18
6
3
1
0
0
-1
2
4
21
28
44
75
70
81
91
27
83
103
79
83
63
111
108
59
46
43
35
21
24
17
6
2
4
1
0
0
-1
2
5
21
33
31
44
36
32
56
45
66
52
44
50
43
69
88
63
74
56
25
11
7
5
4
1
0
0
0
0
-1
2
4
22
20
35
66
78
136
137
154
84
82
73
39
34
57
71
72
43
41
60
45
48
26
14
5
4
1
0
0
-1
2
3
19
19
23
43
61
67
75
42
40
56
39
75
69
37
29
36
54
56
58
22
45
49
21
9
2
0
0
0
-1
31
4
37
27
30
77
161
157
51
114
146
174
150
167
126
87
92
49
37
72
24
26
30
17
30
10
6
1
0
0
0
-1
4
5
22
24
26
55
70
75
42
50
53
105
79
39
36
45
42
36
36
27
36
41
19
12
4
4
1
0
0
0
-1
2
5
21
23
27
38
49
51
38
34
36
23
14
13
19
7
11
14
12
16
34
47
42
36
17
21
7
0
0
0
0
-1
2
4
33
22
48
35
34
31
28
32
43
45
83
42
59
75
86
118
69
61
31
23
44
44
34
16
5
1
0
0
-1
2
3
19
33
23
26
67
52
111
159
142
131
216
153
81
43
65
61
49
42
24
24
22
16
16
8
1
0
0
-1
2
3
25
27
17
25
27
24
31
39
34
94
58
48
51
66
43
37
40
14
24
25
15
9
18
9
3
1
0
0
-1
2
5
35
35
30
94
60
91
105
68
52
123
192
239
195
204
103
42
192
117
186
90
81
110
79
32
4
1
0
0
-1
2
4
23
52
53
96
106
249
281
217
136
192
148
127
85
81
110
76
29
16
9
11
12
12
12
5
3
4
0
0
0
-1
3
5
36
44
60
110
78
154
410
93
279
185
75
171
286
173
152
89
74
46
29
16
5
6
4
2
1
0
0
0
-1
2
4
21
22
16
38
40
19
30
53
58
156
57
63
54
27
42
33
25
35
15
15
17
18
11
21
3
0
0
0
0
-1
2
4
41
21
36
34
29
22
39
30
29
83
39
60
109
128
67
30
50
40
69
33
12
15
16
5
1
0
0
0
0
-1
3
11
44
77
86
79
25
55
65
153
85
123
54
115
107
67
46
44
42
46
32
28
20
19
2
0
2
1
0
0
0
-1
1
4
19
23
25
33
44
152
93
65
112
92
80
71
62
41
71
34
18
39
59
51
33
18
15
10
10
2
0
0
-1
3
6
84
45
35
28
50
97
112
74
358
222
65
145
85
124
73
111
31
66
62
53
37
54
9
17
2
3
0
0
0
-1
7
7
45
50
26
30
76
78
122
196
247
136
96
85
103
150
83
74
57
39
24
35
16
4
3
7
1
0
0
-1
2
4
21
18
22
26
38
95
153
172
288
246
240
236
160
101
64
47
46
33
22
29
7
11
13
2
1
0
0
0
-1
2
6
27
34
87
29
80
247
106
109
46
46
40
73
127
55
50
45
83
83
52
36
21
26
20
7
3
0
0
0
-1
2
3
17
19
33
42
41
67
63
122
166
79
75
57
99
73
111
75
41
9
11
18
14
15
7
4
1
0
0
0
-1
3
4
23
38
41
65
55
93
41
35
77
86
81
28
37
29
45
29
22
20
23
14
15
11
7
3
1
0
0
0
-1
2
6
30
39
40
92
90
151
125
100
490
486
179
124
80
75
132
139
261
355
76
206
98
22
31
6
2
0
0
0
-1
5
14
98
166
125
483
166
101
81
80
156
88
112
127
122
98
92
88
54
141
50
38
101
54
48
11
5
0
0
0
-1
3
7
30
29
34
130
214
54
142
166
313
361
216
187
141
103
97
160
127
103
160
23
112
104
85
16
7
1
0
0
0
-1
5
7
31
42
180
184
84
108
207
159
110
200
241
161
115
92
96
79
100
48
23
16
14
6
5
0
0
0
0
-1
2
8
20
37
38
64
86
77
183
115
119
109
83
72
36
39
48
43
56
40
23
29
42
20
7
2
0
1
0
-1
1
7
16
23
53
40
52
52
104
133
160
158
159
152
78
83
128
81
91
64
38
43
14
15
15
6
3
0
0
0
-1
4
6
23
22
41
64
44
29
40
51
90
135
89
106
50
104
133
93
61
52
15
25
42
50
25
5
2
0
0
0
-1
2
15
22
21
28
20
13
30
28
23
28
72
70
49
34
128
141
80
87
55
36
19
34
12
4
1
3
0
0
0
0
0
-1
3
6
23
29
35
48
79
76
93
102
34
51
57
36
47
114
162
142
33
49
59
56
28
27
14
4
1
0
0
0
-1
3
9
27
32
37
46
96
198
111
127
111
76
69
14
23
24
35
56
30
61
45
6
11
8
6
1
0
0
0
0
-1
3
10
22
50
42
92
99
120
209
170
112
112
99
136
99
64
110
73
79
45
80
46
61
13
22
6
2
0
0
-1
1
7
24
33
31
85
134
161
137
128
148
251
205
322
344
328
106
101
82
27
40
16
20
9
8
2
0
0
0
-1
2
15
29
45
45
127
89
170
192
420
442
251
168
165
155
113
239
224
46
49
47
38
37
27
14
3
4
0
0
0
-1
2
11
37
60
100
191
156
100
140
128
200
226
193
118
88
94
113
134
64
41
34
28
24
73
15
14
4
0
0
0
-1
2
9
29
47
118
145
158
172
125
302
144
144
54
47
95
43
88
118
101
62
28
10
6
2
12
7
1
0
0
0
-1
3
10
40
47
38
96
51
26
34
18
5
6
16
24
5
6
6
11
9
10
3
11
9
15
10
2
0
0
-1
3
6
32
45
48
92
144
220
124
197
182
109
108
82
146
78
50
62
35
35
30
14
13
6
1
0
0
0
-1
1
9
23
51
88
118
162
221
128
163
150
232
154
80
153
175
106
88
98
105
73
46
61
69
27
5
1
0
0
0
-1
3
6
35
52
47
86
114
209
270
254
274
173
119
174
99
64
38
65
28
81
42
53
26
15
8
2
1
0
0
-1
2
12
37
78
47
53
63
69
97
60
113
110
90
144
121
76
60
95
115
118
98
51
11
8
15
5
2
0
0
0
-1
2
9
20
25
61
78
233
281
185
295
341
225
134
160
108
138
73
64
68
51
57
38
22
25
30
10
2
0
0
0
-1
3
4
24
55
75
218
284
223
333
183
144
97
87
111
139
143
240
253
182
134
67
48
39
23
8
6
3
0
0
0
-1
3
8
33
61
70
93
100
140
183
109
111
104
86
80
95
59
37
44
101
78
60
48
48
22
19
8
1
0
0
0
-1
3
15
38
40
61
209
220
177
241
268
258
292
244
242
202
106
106
45
64
91
117
58
125
48
41
18
5
0
0
0
-1
2
6
16
50
57
169
107
178
79
111
150
188
216
131
116
110
169
139
67
49
31
22
27
8
11
7
1
0
0
0
-1
4
6
36
58
66
75
83
127
48
143
125
62
66
53
49
64
69
52
78
76
66
24
28
32
9
3
2
0
0
0
-1
1
7
28
53
54
139
113
165
75
260
298
136
170
250
101
214
175
95
64
73
58
23
26
5
15
5
1
0
0
0
-1
2
8
33
42
120
158
185
176
104
186
329
173
135
110
178
176
441
308
202
260
264
230
163
142
52
21
13
1
0
0
-1
2
9
19
40
78
117
167
125
280
113
81
46
69
123
286
178
305
208
173
157
114
71
22
21
20
9
3
0
0
0
-1
3
7
31
44
106
224
80
188
87
165
124
164
332
201
149
172
110
144
87
126
114
42
36
9
7
4
0
0
0
-1
2
8
35
43
72
103
152
117
169
130
71
43
33
26
35
66
7
26
24
55
48
21
21
16
11
13
2
0
0
0
-1
2
8
29
40
105
172
202
168
114
136
106
108
170
128
87
58
131
58
69
88
66
24
20
44
13
5
4
0
0
-1
3
8
38
39
78
142
91
86
130
127
124
101
114
154
167
129
109
107
32
46
74
82
60
49
29
20
2
0
0
0
-1
2
5
34
38
102
108
97
88
157
196
99
93
120
97
124
119
89
42
15
20
11
16
18
7
4
2
0
0
0
-1
1
5
17
22
84
30
34
31
98
80
96
121
146
236
131
94
83
50
35
40
47
34
15
13
8
3
1
0
0
0
-1
2
10
16
23
27
101
35
49
68
62
47
39
34
46
34
44
34
24
45
78
65
59
39
16
5
1
0
0
0
-1
3
6
16
30
28
44
75
62
73
51
78
139
117
44
46
79
55
29
37
44
32
27
34
23
10
5
2
1
0
0
-1
2
4
14
21
51
67
86
103
127
72
57
32
37
70
62
116
95
112
81
64
33
13
6
4
2
1
1
0
0
-1
5
7
15
27
24
22
35
67
39
34
47
32
51
53
28
97
92
91
88
58
25
13
7
6
4
5
2
0
0
0
-1
3
7
16
29
34
20
22
42
81
55
59
44
30
28
21
32
23
43
15
18
10
21
14
17
8
6
2
1
0
0
-1
2
5
15
22
25
38
60
71
86
98
120
93
59
139
101
82
53
40
40
32
55
29
27
13
6
6
1
0
0
0
-1
1
5
15
28
23
33
45
25
92
73
69
85
68
65
62
51
45
52
66
49
46
39
47
24
21
8
4
0
0
0
0
0
-1
2
5
18
18
54
67
110
51
146
62
96
111
88
47
25
30
30
18
15
32
14
12
8
6
3
1
0
0
0
-1
2
6
14
21
41
34
50
31
33
50
53
86
127
55
16
13
19
8
9
6
6
2
3
1
1
1
0
0
0
-1
2
5
17
46
26
33
37
36
35
68
88
62
38
55
58
105
65
89
55
62
38
21
14
11
4
3
0
0
0
-1
2
6
15
26
57
29
65
32
29
60
46
36
34
37
47
57
67
130
68
43
24
16
11
4
2
2
0
0
0
-1
2
5
13
19
28
83
110
75
118
150
66
117
148
96
92
97
82
67
67
98
75
50
34
74
8
9
0
0
0
0
-1
2
5
14
29
36
36
46
38
23
27
30
38
43
38
56
63
44
49
61
62
48
32
21
12
10
3
0
0
0
0
-1
1
5
15
21
32
62
39
70
48
96
78
167
114
105
43
74
68
80
71
40
42
29
50
28
23
15
10
1
0
0
-1
2
5
14
21
19
26
24
71
61
94
74
63
50
49
45
48
36
47
45
31
26
38
12
3
2
12
2
0
0
0
-1
2
5
16
17
53
30
29
23
56
99
82
121
112
131
276
203
138
125
80
67
47
21
23
10
2
1
0
0
0
0
-1
3
5
16
20
52
46
74
77
81
45
53
23
38
35
29
59
41
37
42
41
34
63
65
39
14
4
2
0
0
0
0
-1
2
4
12
25
24
38
50
40
61
66
48
52
45
114
232
226
111
112
98
60
34
27
20
19
20
6
1
0
0
0
-1
2
5
18
34
22
37
55
43
74
52
62
150
118
81
44
23
56
34
28
12
14
18
6
4
3
0
0
0
-1
4
5
14
23
31
50
60
51
94
113
27
30
34
34
36
91
55
85
67
41
28
23
24
25
5
2
1
0
0
0
0
-1
2
5
15
30
25
33
52
29
32
57
41
54
131
59
59
48
37
47
38
16
7
4
2
2
1
1
0
0
0
0
-1
3
5
19
21
22
30
101
115
88
149
94
113
102
166
102
88
122
67
50
55
26
18
21
14
6
5
1
0
0
0
-1
2
6
19
34
53
31
43
39
49
37
56
59
75
45
45
33
16
22
9
2
2
18
4
0
0
0
0
0
-1
3
5
14
17
39
48
74
60
78
33
49
73
71
60
61
100
71
88
99
63
29
45
19
31
13
3
1
0
0
0
-1
2
6
19
33
34
40
122
158
135
106
207
128
106
102
78
59
43
46
29
36
32
30
15
5
5
2
0
0
0
-1
2
5
14
27
25
26
33
68
72
34
37
20
17
23
51
43
40
71
52
36
43
17
14
5
2
2
0
0
0
0
-1
2
6
16
19
44
49
37
37
42
40
62
84
44
60
24
58
50
46
35
15
14
27
13
9
5
3
1
0
0
0
0
-1
2
7
15
25
30
134
34
24
19
34
63
70
46
56
46
41
20
25
42
40
23
11
12
6
3
2
2
0
0
0
-1
2
6
15
23
35
35
38
30
24
50
59
58
108
148
120
99
60
37
40
23
36
17
16
12
12
8
5
2
0
0
0
-1
2
5
16
24
30
44
44
72
53
18
46
50
41
138
68
38
46
72
53
38
38
19
14
9
3
1
0
0
0
0
-1
2
5
16
19
42
107
50
79
106
81
171
99
127
160
198
159
107
52
50
38
30
36
30
22
7
2
0
0
0
-1
2
5
11
22
23
41
51
46
41
43
36
69
73
80
86
50
36
61
34
30
31
18
13
11
16
4
2
0
0
0
-1
2
6
17
18
26
42
55
41
34
31
27
45
105
113
89
56
66
56
43
37
33
34
23
13
6
4
1
0
0
0
-1
2
5
11
17
47
67
80
106
125
64
49
32
36
59
121
84
73
70
94
76
73
69
20
7
5
5
3
0
0
0
-1
2
5
13
20
20
36
47
66
71
54
66
54
76
39
54
49
76
61
55
24
22
19
26
10
7
4
1
0
0
0
-1
2
6
14
25
25
33
56
71
78
70
87
65
50
66
63
80
75
61
27
32
37
30
15
14
12
2
1
0
0
0
-1
4
5
14
17
21
52
48
61
80
63
52
39
67
80
34
36
18
5
8
16
34
22
6
5
10
5
3
0
0
0
-1
3
5
16
16
15
47
62
116
135
108
79
168
142
127
121
71
54
71
73
58
32
26
13
12
9
4
1
0
0
0
-1
2
6
21
17
19
55
59
95
130
131
166
97
67
72
66
45
79
45
29
47
52
13
13
7
5
4
2
0
0
0
-1
2
5
12
21
24
24
27
64
23
24
64
93
52
37
23
30
40
28
22
14
14
3
5
4
3
0
0
0
0
0
-1
2
5
16
32
36
43
65
31
48
32
22
24
20
56
42
66
50
55
30
22
22
12
9
7
6
3
1
0
0
0
0
-1
2
5
17
34
40
70
156
68
42
54
100
105
157
77
37
35
26
32
58
64
21
25
22
12
11
3
0
0
0
0
-1
2
5
15
21
21
36
60
59
27
50
43
37
32
36
25
20
26
54
39
30
22
21
17
39
12
4
2
0
0
0
-1
2
5
14
32
33
42
50
33
50
32
21
24
23
59
69
54
68
43
47
41
27
30
14
9
4
3
0
0
0
0
-1
1
5
15
23
25
82
95
189
147
115
94
110
120
95
71
90
88
89
41
18
23
22
16
7
3
2
0
0
0
-1
4
6
21
17
32
42
45
71
56
121
78
70
26
21
28
20
24
10
21
17
9
16
12
15
8
7
4
0
0
0
-1
3
6
24
35
34
66
62
67
42
63
92
86
133
84
62
89
88
46
31
25
19
22
12
14
6
3
1
0
0
0
0
-1
2
13
13
27
29
51
124
99
96
142
113
108
68
66
47
30
30
29
37
36
38
28
13
4
2
1
1
0
0
-1
3
6
15
33
36
39
75
62
135
69
45
55
48
46
44
21
38
71
116
44
36
28
16
11
4
1
0
0
0
-1
2
5
13
23
30
24
45
28
10
42
67
48
44
46
40
40
36
27
17
3
1
2
2
1
0
0
0
0
0
-1
7
5
14
26
30
48
37
31
14
26
46
40
25
28
19
46
65
60
32
45
34
68
50
26
14
8
2
0
0
0
-1
2
5
17
27
26
20
43
29
72
38
27
43
61
55
61
64
53
64
33
24
21
25
23
21
11
6
1
0
0
0
-1
2
6
17
15
17
45
30
22
28
38
63
102
151
110
92
150
119
95
47
50
26
24
16
8
8
4
2
0
0
0
-1
2
6
15
18
33
61
79
67
97
114
68
81
72
40
29
38
32
36
31
18
23
31
19
4
6
4
1
0
0
0
-1
1
6
22
23
19
37
45
87
71
46
82
33
30
20
40
42
75
50
31
25
11
15
17
17
4
5
2
0
0
0
0
-1
2
6
15
28
28
32
39
53
98
118
49
33
26
32
19
13
5
8
5
1
5
8
3
0
0
0
0
0
0
-1
2
5
16
26
24
25
42
45
95
74
45
48
65
36
66
88
73
38
42
21
27
15
11
7
3
2
2
0
0
0
-1
2
5
16
25
25
71
65
22
24
25
9
4
9
7
8
5
8
1
1
4
9
9
5
1
1
0
0
0
-1
1
5
16
23
20
21
41
44
82
96
103
94
169
251
184
97
66
34
19
8
4
2
2
4
0
0
0
0
0
-1
2
5
14
22
19
23
44
29
11
43
67
43
44
55
21
30
27
19
26
23
22
11
15
16
4
2
0
0
0
0
0
-1
2
6
17
29
25
20
31
34
32
28
44
23
32
19
20
19
22
28
39
57
11
20
6
4
5
2
1
0
0
0
-1
2
6
18
26
23
41
48
29
43
53
174
142
78
61
49
41
32
65
34
29
24
22
27
24
13
16
8
5
0
0
0
0
-1
2
7
17
19
25
40
31
48
72
80
71
206
113
98
80
79
48
83
43
25
27
36
76
27
16
4
2
0
0
0
-1
2
9
13
21
24
50
79
72
91
49
110
102
76
70
52
54
47
48
34
20
14
13
5
3
1
1
1
0
0
0
