-1
37
14
57
89
245
361
384
738
803
315
318
367
392
564
370
438
427
900
861
610
431
265
116
38
32
14
4
0
0
0
-1
5
15
46
97
141
315
559
517
395
333
333
572
674
1056
667
605
466
243
381
220
105
52
23
49
23
7
2
0
0
0
-1
5
15
53
63
226
191
202
241
595
1319
1287
2140
1680
1566
1398
774
411
435
335
266
246
117
119
69
39
10
3
0
0
-1
6
33
82
125
129
190
218
245
161
184
201
223
757
2714
788
2062
588
2228
2474
933
705
801
479
360
80
91
3
0
0
0
-1
18
40
447
834
452
772
599
305
422
832
589
686
400
475
682
1082
416
372
402
587
151
90
58
36
43
10
1
0
0
-1
10
63
54
148
148
845
914
932
590
487
551
728
1005
886
413
473
602
810
641
297
265
194
71
35
15
7
2
0
0
0
-1
8
84
176
79
213
671
889
633
811
575
482
370
335
718
502
936
617
740
553
475
276
146
12
9
12
6
0
0
-1
5
25
90
128
50
272
205
777
1598
1505
1101
879
832
802
511
926
716
585
424
189
130
221
130
118
116
12
3
0
0
0
-1
6
34
54
110
219
285
401
634
676
771
921
408
698
907
667
518
584
632
341
339
382
495
269
169
181
53
7
0
0
0
0
-1
5
16
90
185
245
420
535
547
1579
1051
1247
2564
1319
750
1397
951
913
948
574
607
335
197
110
125
32
18
5
0
0
0
-1
4
16
96
505
343
903
992
954
1841
1131
2507
3067
1869
1459
2469
1378
876
1214
1493
607
477
209
139
95
65
5
1
0
0
0
-1
5
28
124
174
144
335
930
1135
1799
2271
2690
2605
2613
1808
1168
1713
721
656
196
124
72
52
65
12
11
1
0
0
-1
6
17
104
170
163
434
531
467
445
615
526
487
394
956
932
1232
800
422
309
330
155
146
156
55
11
7
0
0
0
0
-1
9
63
150
196
174
409
538
1293
1417
1982
1768
1346
1150
1440
1836
1190
1418
698
568
302
297
296
238
72
76
17
3
0
0
0
-1
5
37
98
206
364
488
740
1180
695
1058
1761
1226
791
435
658
697
756
391
284
207
124
212
176
98
43
13
4
2
0
0
-1
4
16
93
104
261
215
429
636
1681
634
1597
1268
1635
1094
1040
1170
1232
1035
609
309
228
404
281
149
102
53
9
0
0
0
-1
6
20
83
179
356
552
359
359
487
1089
587
1352
904
1162
1492
948
796
590
517
198
161
127
45
39
65
12
2
0
0
0
-1
5
22
97
111
324
525
481
1379
958
1135
671
595
457
720
1290
916
934
359
236
516
433
162
130
154
37
4
1
0
0
-1
4
17
67
208
315
396
1162
1848
2086
3314
1980
7001
4070
2038
1459
1527
1001
538
302
387
303
107
25
30
17
12
9
2
0
0
0
-1
5
18
51
77
111
158
349
583
312
766
857
806
1083
485
622
1494
403
299
285
285
376
499
137
51
28
1
0
0
0
-1
7
64
145
279
104
309
435
573
1412
1443
1461
2129
1202
546
678
421
324
231
215
218
200
26
25
12
2
0
0
0
-1
4
15
57
64
214
286
465
809
611
500
620
601
1120
698
1055
1342
633
1490
1061
711
408
212
73
37
33
29
7
0
0
0
-1
10
33
71
95
150
306
613
1591
839
1142
1606
1842
3495
1836
1662
925
993
487
214
279
454
354
167
118
20
26
8
0
0
0
-1
5
16
51
128
105
249
521
653
537
723
849
522
501
362
814
654
1369
1047
723
436
235
208
149
48
84
18
2
0
0
-1
11
31
167
165
376
731
740
1352
1004
1546
1093
1358
968
932
1621
697
1916
893
645
315
528
364
92
19
20
30
3
0
0
0
-1
7
46
84
130
162
344
515
1265
1625
2305
1593
1252
1883
1850
1565
1578
978
990
673
719
498
197
142
126
54
28
4
0
0
0
-1
5
32
87
177
246
611
1061
1174
900
751
784
916
461
794
859
960
438
883
922
757
459
277
199
78
60
25
6
0
0
0
-1
5
17
88
181
276
403
476
586
844
699
1039
1257
968
621
1344
1588
833
492
540
736
405
297
179
86
81
16
7
0
0
0
-1
5
17
72
145
339
267
282
382
328
363
312
426
529
555
562
417
644
848
302
181
165
177
65
38
12
14
3
0
0
0
-1
5
19
97
122
512
569
1072
1404
2006
1743
2919
3846
3599
3321
2634
1318
2455
815
374
407
344
243
147
58
181
26
2
0
0
0
-1
6
47
95
133
231
271
491
775
527
935
1261
971
549
657
471
460
102
164
213
595
196
205
116
127
64
137
159
7
0
0
0
0
-1
18
19
189
435
485
680
304
580
980
1926
1614
1123
1671
2988
2538
2428
1981
1210
738
500
310
251
89
52
10
10
7
0
0
0
-1
5
24
109
216
245
405
1038
1260
885
1984
1705
930
857
931
1397
832
782
877
434
644
568
325
197
45
24
13
1
0
0
0
-1
6
20
105
188
286
639
427
332
242
428
676
966
958
806
472
589
490
548
554
340
193
253
104
135
33
24
2
0
0
0
-1
6
40
89
134
177
484
708
2284
1592
2118
3617
760
719
921
642
703
921
779
469
569
337
156
120
88
40
19
6
0
0
0
-1
5
18
94
210
314
969
1067
1579
1523
822
984
536
745
823
661
1780
1251
2100
1106
701
442
347
475
245
292
118
21
0
0
0
-1
5
20
91
150
457
642
519
809
880
1191
1316
798
1210
1252
769
1209
1302
784
656
481
441
183
109
42
33
5
3
0
0
0
-1
6
18
113
144
349
737
761
894
2503
1572
1530
1763
1231
1609
1145
892
807
711
559
295
435
145
96
154
26
8
2
0
0
-1
12
17
96
204
276
459
548
530
868
1207
613
614
361
511
752
832
539
622
203
180
237
283
188
130
64
27
13
0
0
0
-1
5
18
86
172
105
154
311
1250
2132
1190
1191
1275
1519
1327
994
712
200
177
289
230
189
77
53
50
70
30
11
0
0
-1
5
18
109
175
114
538
391
549
1190
2192
888
1301
679
844
1156
1010
685
461
165
26
12
34
10
12
15
16
5
0
0
0
-1
6
17
91
206
265
958
1068
1653
3225
2347
1815
1995
1421
1862
1638
1138
1444
1212
1349
1568
788
196
57
62
69
39
5
0
0
0
-1
5
31
121
212
200
284
385
1140
196
145
705
1456
1376
919
794
637
503
336
287
264
138
131
99
55
39
6
0
0
0
0
-1
9
28
107
190
184
407
561
365
525
744
551
751
1083
1178
811
519
258
171
359
157
82
74
118
86
24
10
2
0
0
0
-1
8
15
71
148
229
488
514
659
819
797
1025
1264
899
671
741
830
1061
1189
552
521
151
454
109
194
52
56
38
0
0
0
-1
8
17
170
257
579
645
938
1237
2456
3486
2858
2128
1326
969
1058
1261
1064
667
959
438
263
239
192
157
86
21
2
0
0
-1
4
20
113
150
323
391
287
263
478
455
683
870
723
780
1037
953
1192
743
598
669
480
328
188
113
78
59
8
0
0
0
-1
15
21
59
179
286
691
705
835
318
1127
916
481
623
459
397
304
483
419
377
253
245
403
133
265
52
11
4
0
0
0
-1
9
29
144
80
226
460
1262
784
643
399
320
519
631
645
300
462
634
2599
758
260
226
307
332
82
67
24
7
5
0
0
0
-1
8
47
286
177
158
274
466
1104
680
981
856
1026
1113
1857
881
792
1562
2330
820
552
495
240
253
265
82
19
18
0
0
0
-1
31
23
55
126
233
262
73
193
353
1017
668
683
576
617
519
383
466
386
419
322
184
105
51
21
17
10
1
0
0
0
-1
4
19
44
106
121
299
293
384
759
1111
887
892
1713
1267
1609
1340
758
291
424
214
84
194
57
43
27
25
5
0
0
-1
5
19
46
162
136
482
488
1240
978
1036
1440
1620
1189
1863
1281
685
1040
933
960
225
218
178
71
37
28
11
4
0
0
0
-1
5
17
54
77
231
299
534
674
1023
613
840
619
437
292
476
507
192
199
185
311
149
124
103
68
23
11
3
0
0
0
-1
4
16
44
81
176
258
296
286
371
428
591
636
433
499
348
410
446
525
384
334
359
179
64
140
73
34
11
3
0
0
0
-1
6
22
115
336
255
945
916
1028
546
2002
1586
536
1025
806
1725
1344
838
461
793
379
464
163
106
73
44
16
9
0
0
0
-1
7
31
100
160
504
894
901
1025
1025
665
770
1353
909
867
707
747
1004
1068
1010
1097
648
308
406
129
36
13
6
2
0
0
-1
18
35
234
394
473
696
754
680
1618
978
1155
819
596
516
435
647
781
452
529
360
256
295
88
97
17
5
1
0
0
-1
5
27
96
209
201
358
433
860
2037
1634
1511
1174
829
672
652
502
540
623
614
851
970
1053
593
217
75
28
3
0
0
0
0
-1
6
23
81
181
221
435
605
537
612
1026
1735
2412
2205
2109
1254
785
772
1018
831
652
647
584
549
265
106
23
5
0
0
0
-1
5
17
94
191
200
420
606
353
458
1564
1415
1032
1361
937
814
535
581
212
153
95
247
224
101
55
50
21
5
0
0
0
-1
4
14
45
89
100
223
246
253
228
267
251
397
254
223
401
568
351
1284
613
366
197
108
80
98
71
146
28
5
0
0
-1
4
17
46
73
190
193
233
644
599
512
493
554
367
315
893
580
259
308
227
236
136
140
35
43
15
5
2
0
0
0
0
-1
5
14
45
93
114
143
401
879
801
278
661
1247
722
621
204
185
202
275
414
273
140
84
80
85
31
8
4
0
0
0
-1
7
20
57
123
91
106
62
282
1633
1207
1509
1641
538
875
1679
936
1352
371
542
356
139
81
120
48
34
117
5
0
0
0
-1
9
32
56
90
362
888
959
982
445
913
536
985
1035
873
626
362
422
251
146
227
242
226
73
66
20
19
8
1
0
0
-1
4
14
44
111
197
423
584
567
353
496
781
752
1095
1284
1142
1049
654
403
279
231
451
232
218
164
31
11
4
0
0
0
0
-1
4
14
45
78
176
189
154
149
275
225
394
482
337
711
412
215
174
243
176
132
224
133
229
48
118
63
5
0
0
0
-1
4
18
59
82
163
135
228
672
815
371
430
292
575
884
583
725
345
316
211
105
52
45
43
35
7
1
1
0
0
-1
6
18
100
192
245
807
845
1549
1544
1077
1012
906
1465
1477
1463
1204
424
875
555
227
337
265
259
260
109
25
4
0
0
0
-1
5
21
105
208
249
397
482
682
450
616
721
468
469
591
453
398
582
651
771
468
190
110
87
65
10
11
0
0
0
0
-1
5
16
88
122
214
312
1160
1148
1859
1612
949
582
1167
1048
1167
445
619
617
160
636
364
73
76
83
20
3
1
0
0
0
-1
4
15
53
95
163
273
405
372
263
342
331
326
302
262
274
363
244
136
205
198
140
242
155
88
69
15
4
0
0
0
-1
4
17
44
73
171
152
265
296
682
716
565
426
763
502
441
503
373
410
189
187
37
44
29
24
12
7
2
0
0
-1
5
13
45
58
207
167
197
287
538
753
575
589
661
1003
719
510
433
295
294
246
151
128
85
30
10
3
2
0
0
0
0
-1
5
14
44
105
114
171
505
447
800
830
302
1079
1289
1221
1294
657
518
355
480
310
93
58
49
14
4
2
1
0
0
0
-1
7
15
54
111
95
202
279
293
332
348
539
691
686
672
985
385
527
353
233
225
213
159
113
57
37
19
10
2
0
0
-1
4
14
48
85
105
208
251
607
796
992
1253
590
637
402
725
677
475
451
266
224
217
140
96
39
22
14
4
0
0
0
-1
4
16
46
68
233
422
354
432
355
633
800
781
923
830
1025
786
463
292
195
75
133
86
63
69
11
6
3
0
0
0
-1
8
23
50
104
123
212
245
276
390
368
441
547
375
302
355
351
325
416
371
204
141
69
80
46
31
11
2
0
0
0
-1
5
14
48
95
368
351
319
624
1355
678
659
745
581
588
473
778
1011
567
205
501
266
143
119
94
34
14
5
0
0
0
-1
5
14
50
90
82
281
147
246
235
153
261
212
165
163
180
166
88
72
94
123
87
95
39
45
8
4
1
0
0
0
-1
12
19
75
113
397
646
1317
723
1347
2284
1518
1127
597
955
693
841
704
609
376
242
172
105
50
51
26
15
5
0
0
-1
7
16
51
117
131
267
422
301
202
227
359
303
270
242
215
183
232
104
340
169
155
79
34
9
10
10
7
0
0
0
-1
4
14
52
101
185
426
648
590
939
829
446
448
315
301
476
350
423
471
242
260
291
270
214
103
57
15
1
0
0
-1
5
16
53
96
129
224
301
577
441
624
397
276
224
275
409
449
339
225
95
81
143
99
193
96
23
3
4
0
0
0
-1
4
18
55
78
107
264
188
322
796
737
654
698
380
704
364
453
397
410
273
191
259
165
166
100
59
28
7
2
0
0
-1
4
17
48
100
92
160
219
175
387
673
609
629
572
852
658
414
258
345
254
171
123
146
74
63
56
9
3
0
0
0
-1
5
17
88
143
323
346
233
260
424
451
550
645
907
1045
678
270
275
604
644
632
454
286
252
335
110
24
5
0
0
0
-1
13
26
106
182
338
457
602
1229
1000
635
648
930
977
586
364
497
753
406
255
143
69
67
75
32
13
8
1
0
0
-1
5
26
74
190
361
602
742
2197
1573
1239
1120
864
986
1520
1857
1072
527
563
287
366
184
138
103
49
22
18
4
0
0
0
-1
5
15
48
82
162
251
160
142
207
431
554
394
902
612
225
173
189
119
87
32
24
52
50
18
11
2
0
0
0
-1
5
15
54
87
111
222
253
291
382
378
433
558
721
472
498
411
364
423
337
153
221
78
82
70
40
8
2
0
0
-1
13
27
151
197
435
455
484
401
913
676
477
282
309
289
291
177
164
176
256
220
114
46
36
9
1
1
1
0
0
-1
6
19
47
71
108
301
482
435
362
547
454
629
684
377
330
929
625
491
307
442
314
235
206
83
124
54
6
0
0
0
-1
9
46
181
75
145
312
289
626
401
1192
1471
577
769
1412
1080
1031
631
353
140
202
286
124
109
115
16
6
0
0
0
-1
10
25
228
108
280
992
908
299
1464
1191
2442
1429
564
568
678
476
640
566
510
256
215
179
92
57
36
7
1
0
0
0
0
-1
5
16
48
71
115
364
267
553
567
1219
976
712
1322
927
759
767
493
359
239
242
337
386
182
110
54
15
4
0
0
0
-1
6
20
54
138
309
699
753
1020
563
506
519
205
161
388
710
213
166
247
180
109
81
61
28
50
26
5
2
0
0
0
-1
4
14
44
104
149
141
398
313
494
1152
1018
695
374
513
523
818
424
328
302
75
119
101
82
115
96
25
6
0
0
0
-1
19
8
79
134
136
266
370
549
394
429
303
720
830
676
797
398
426
496
176
201
246
121
79
29
11
3
2
1
0
0
-1
3
8
62
85
173
268
560
813
1258
1627
4867
4517
3643
2728
1692
1113
1458
823
1346
1174
1144
972
680
255
174
34
17
2
0
0
-1
8
26
228
210
487
1072
1006
627
518
449
738
1004
1062
1075
964
1485
1018
929
626
647
595
616
462
416
145
80
18
2
0
0
-1
5
13
72
99
137
157
635
2167
595
1691
5491
2832
1870
1116
943
1101
719
740
1010
453
475
170
114
112
46
34
3
0
0
-1
7
26
101
114
196
431
625
872
809
1634
936
1756
2564
1701
879
967
510
438
343
418
61
81
72
32
27
17
14
1
0
0
0
-1
3
9
60
84
149
244
363
290
625
1049
904
706
664
480
401
242
488
172
411
292
162
151
113
91
42
16
8
5
0
0
0
-1
2
10
70
82
143
237
181
285
549
658
1039
1114
1227
1230
924
705
292
337
471
365
180
255
113
105
89
38
11
1
0
0
-1
7
9
60
94
138
205
412
402
187
286
379
653
561
769
374
259
532
482
276
128
84
31
51
48
72
22
15
0
0
0
-1
4
9
61
99
167
150
97
123
224
301
278
437
721
630
795
642
651
455
432
388
199
139
71
45
3
1
4
0
-1
3
9
66
90
151
225
338
563
359
436
247
369
237
241
206
182
157
115
77
112
263
418
219
268
140
57
7
0
0
0
-1
4
23
59
92
162
262
373
541
494
764
620
744
734
331
204
274
371
668
789
531
449
289
183
110
76
23
12
3
0
0
-1
3
9
72
90
149
237
330
460
541
270
429
436
698
688
663
384
573
762
487
341
707
180
159
105
59
47
23
2
0
0
0
-1
3
8
55
96
199
288
408
879
935
1442
1222
969
652
934
1354
1249
990
910
728
865
678
381
175
97
56
42
4
13
0
0
0
-1
3
8
104
182
228
250
462
815
902
2546
2809
1588
1023
1153
1149
1590
1672
732
407
233
72
11
13
13
9
4
1
2
0
0
-1
3
9
111
164
221
477
457
1024
1008
1090
1603
806
1201
539
481
407
498
560
146
247
77
30
81
56
21
26
18
1
0
0
-1
3
9
77
116
257
644
527
1290
781
1258
792
416
291
143
320
207
248
507
842
720
327
245
126
86
43
16
3
1
0
0
-1
4
15
94
129
148
232
878
543
360
562
190
273
160
262
370
271
165
115
170
108
154
134
79
117
85
105
72
68
14
1
0
0
-1
4
19
114
123
207
218
809
1054
1238
1139
977
1260
1642
387
903
1463
1067
1430
838
819
336
245
174
199
72
39
24
14
7
4
0
0
-1
3
10
109
146
184
378
787
916
1681
1851
2139
2553
2525
1370
1411
1876
1418
672
402
468
519
274
239
148
106
81
7
2
0
0
-1
5
15
101
162
186
197
346
658
1377
2187
2140
1516
1619
881
507
304
406
169
79
162
247
189
166
86
67
18
6
1
0
0
-1
4
10
107
115
217
372
492
451
757
635
959
2372
1518
1702
1713
1536
1123
663
713
452
242
119
199
36
32
18
4
1
0
0
-1
3
13
73
96
209
400
322
1007
1800
634
2926
2827
1701
2426
2086
2355
1733
1243
1453
790
656
324
244
122
83
43
16
2
0
0
-1
2
7
104
154
215
408
1013
1102
1062
1282
1250
1315
987
997
961
657
788
692
575
500
927
486
302
231
90
20
12
3
0
0
-1
3
8
98
138
229
360
444
364
692
582
793
697
476
449
425
752
576
423
339
717
635
308
279
113
59
39
29
2
0
0
-1
4
9
90
162
182
446
966
1041
972
1611
1413
1776
1594
1585
2058
1200
725
659
371
650
339
207
258
222
101
42
14
3
0
0
-1
3
10
100
149
194
406
1022
1133
831
757
780
1204
1237
911
834
608
511
503
260
537
291
190
180
139
82
31
20
0
0
0
-1
5
9
84
132
199
451
293
564
736
655
1025
830
1147
605
762
729
612
607
437
787
460
332
242
125
85
13
11
1
0
0
-1
3
10
85
228
206
445
1031
1078
913
1181
1233
507
565
716
737
761
935
1057
668
460
375
296
281
141
69
48
12
1
0
0
-1
3
10
100
120
222
548
501
1354
778
781
889
298
543
274
147
194
399
512
315
478
732
467
330
197
52
28
22
4
0
0
-1
3
9
90
138
197
527
924
1237
1941
2882
957
1239
1284
1301
1473
1209
978
1128
820
572
576
482
267
136
69
20
5
1
0
0
-1
6
12
121
129
210
590
461
514
1029
883
1248
1101
1734
2286
815
821
984
868
866
403
267
206
123
142
69
14
6
1
0
0
0
-1
3
8
106
145
156
429
269
1073
791
918
1274
853
943
457
522
599
552
83
154
322
427
228
120
138
22
10
2
0
0
0
-1
3
11
102
116
234
457
674
718
872
832
728
774
659
436
280
515
573
719
696
252
373
262
34
102
62
27
8
2
0
0
0
-1
4
11
109
91
262
322
599
561
660
912
598
879
1129
1638
2254
1924
1291
1150
678
657
717
311
234
158
92
9
6
1
0
0
-1
4
15
100
103
265
650
723
660
1295
1541
2324
790
1198
2541
1733
2163
726
586
246
198
105
133
106
97
60
31
10
2
0
0
0
-1
4
8
49
78
95
200
134
186
422
483
694
1111
1830
2007
2442
770
543
405
294
139
287
135
81
38
26
18
4
1
0
0
-1
3
8
53
63
89
97
333
425
731
506
464
605
535
504
461
377
253
350
336
147
247
126
133
65
22
12
4
1
0
0
0
-1
3
9
49
64
71
139
190
472
667
747
708
1540
1373
1225
938
1100
595
389
187
171
110
58
72
29
17
3
1
0
0
0
-1
3
8
59
67
151
281
82
285
632
577
748
584
230
437
502
353
468
529
542
618
313
178
76
31
10
15
6
1
0
0
0
-1
4
8
49
67
86
101
389
507
500
534
301
486
463
473
483
460
723
677
665
482
244
135
88
57
33
17
2
1
0
0
-1
3
10
57
83
108
108
104
146
482
820
742
370
431
424
473
714
465
484
820
416
263
83
31
41
30
6
1
0
0
0
-1
3
8
49
59
113
174
269
357
550
620
748
1119
829
980
723
496
367
246
294
77
131
156
81
37
21
9
6
1
0
0
-1
2
8
49
62
84
92
311
629
226
828
1169
876
532
323
293
244
153
212
234
66
39
28
29
15
3
1
0
0
-1
4
8
55
70
119
291
324
413
312
1089
579
686
632
363
159
246
380
205
167
144
190
100
76
43
27
9
4
1
0
0
0
-1
3
8
49
74
114
245
652
697
429
256
211
213
255
142
267
284
264
376
384
309
333
120
55
52
23
13
6
0
0
0
0
-1
5
11
51
66
115
193
273
429
388
255
289
358
221
199
167
305
866
614
362
278
295
116
52
26
18
14
3
0
0
0
0
-1
3
8
56
67
126
175
265
484
373
514
733
716
369
300
307
405
427
567
411
302
261
186
143
122
42
20
5
0
0
0
0
-1
3
13
55
63
86
242
395
650
509
556
303
295
426
513
399
316
213
91
83
68
39
31
68
57
20
4
1
0
0
0
-1
3
9
51
73
122
164
111
281
144
185
204
148
186
209
253
200
123
190
239
194
258
100
75
56
19
6
2
0
0
0
-1
3
8
55
71
120
165
281
357
573
485
662
632
603
655
480
260
403
111
150
128
136
59
56
20
9
16
1
0
0
0
-1
3
9
49
65
80
164
219
568
479
483
622
483
710
395
314
186
178
162
126
145
112
171
115
50
44
13
8
0
0
0
-1
3
8
49
68
106
176
153
219
443
497
751
1289
2107
2105
1424
1185
776
698
652
443
279
128
199
139
65
18
9
0
0
0
-1
3
8
54
62
91
207
191
543
375
286
539
545
380
924
517
390
493
394
403
169
71
49
111
103
37
15
5
0
0
-1
3
10
47
69
98
153
212
147
237
294
160
212
153
123
160
219
291
246
331
309
137
97
92
82
55
41
7
0
0
0
-1
3
9
48
60
82
156
382
430
762
930
744
841
1021
734
706
388
356
290
267
254
122
110
52
31
16
8
4
0
0
0
0
0
-1
7
12
51
147
112
176
259
448
287
396
226
220
193
178
169
186
209
383
439
189
136
78
39
44
34
8
2
0
0
-1
3
8
51
72
86
168
276
461
367
492
772
146
706
627
953
1086
711
753
407
272
147
113
67
44
34
20
4
0
0
0
-1
5
14
75
85
97
109
413
504
576
666
773
746
472
354
626
480
643
479
352
216
213
113
105
55
30
25
10
2
0
0
-1
3
9
56
64
138
186
264
353
363
529
604
581
654
530
434
1125
667
413
402
187
178
127
169
37
19
12
8
2
0
0
0
0
-1
3
10
52
64
99
209
137
495
331
408
427
795
1395
1394
1431
1124
997
1249
747
477
361
162
40
13
29
3
1
0
0
-1
3
8
54
66
105
142
324
504
697
705
1140
1652
1485
1771
2299
1822
1671
896
604
310
253
159
122
57
26
10
5
0
0
0
0
-1
3
8
49
67
85
145
202
526
488
576
436
473
412
444
457
672
775
559
460
284
225
150
179
74
54
32
8
1
0
0
-1
3
8
59
61
91
224
136
188
264
288
212
356
262
483
264
114
468
459
185
112
97
67
29
16
3
4
1
0
0
-1
3
8
51
60
99
159
234
298
145
235
287
518
433
497
562
503
358
258
402
284
294
204
99
75
37
24
8
2
0
0
-1
3
10
57
61
81
192
122
239
476
346
369
534
554
853
1218
769
578
242
114
28
28
9
32
3
3
1
0
0
0
-1
4
9
53
66
117
109
335
240
436
335
399
426
485
662
405
325
289
388
367
314
295
262
84
48
21
6
5
0
0
0
-1
3
8
58
68
90
168
294
345
201
288
480
800
488
535
841
793
799
675
386
245
198
184
210
94
26
3
1
0
0
0
0
-1
4
8
49
61
90
180
271
349
383
205
499
384
678
323
392
179
74
127
153
102
77
29
36
59
22
24
3
1
0
0
-1
3
8
51
71
107
171
179
343
218
401
217
399
767
803
785
496
400
232
238
328
223
128
73
44
30
12
5
1
0
0
-1
3
8
50
64
99
261
79
424
574
564
669
555
210
424
475
544
456
445
445
384
205
296
70
10
6
6
3
1
0
0
-1
3
8
50
63
85
100
302
436
757
516
419
422
473
505
252
472
385
551
345
278
204
168
132
72
27
15
5
1
0
0
-1
3
10
55
60
117
98
234
346
389
511
650
523
647
935
904
765
750
642
434
309
209
243
153
95
67
23
4
0
0
0
-1
3
7
60
64
82
92
314
447
733
504
457
532
539
646
399
602
348
300
230
299
259
233
158
68
40
12
3
1
0
0
-1
4
8
50
61
98
161
323
687
802
925
1015
613
462
517
575
460
285
182
91
136
60
51
22
9
9
5
1
0
0
0
-1
3
10
51
64
80
97
163
290
617
899
1123
871
826
1154
901
704
668
482
327
430
206
145
126
33
27
23
12
3
0
0
-1
3
9
59
57
73
139
211
339
245
213
226
384
257
287
373
132
319
186
165
95
206
48
65
57
45
25
8
2
0
0
-1
3
11
50
62
128
185
268
432
276
260
211
271
176
330
227
180
261
271
207
122
84
31
9
19
16
4
0
0
0
-1
3
8
51
63
97
212
608
488
407
374
335
538
931
956
296
237
143
180
204
153
143
87
88
42
30
15
2
0
0
-1
3
8
52
62
77
145
250
222
124
368
647
510
405
616
875
706
493
382
301
183
84
50
53
46
18
7
2
0
0
-1
3
8
54
60
108
161
328
419
282
262
211
259
111
304
230
305
210
365
279
429
330
242
99
33
15
7
0
0
0
0
-1
3
7
50
73
94
187
437
469
494
612
596
626
592
670
543
442
493
450
351
282
106
157
159
39
27
10
2
1
0
0
0
-1
4
12
52
66
80
189
127
318
404
413
532
586
452
402
388
269
220
295
323
279
143
93
63
36
30
24
9
1
0
0
-1
3
9
51
64
96
192
441
480
406
374
339
514
943
530
396
378
439
339
132
132
135
76
53
42
50
10
2
0
0
-1
3
10
48
58
70
209
268
197
249
338
518
412
552
524
260
191
176
310
197
197
340
184
151
74
76
8
4
2
0
0
0
-1
3
8
49
62
100
240
275
302
938
1039
515
411
518
631
696
519
396
527
736
350
263
292
116
88
36
22
4
0
0
0
0
-1
3
8
49
64
75
153
229
187
116
333
694
536
424
609
448
783
702
387
213
156
83
86
114
34
41
17
6
1
0
0
0
-1
4
14
54
68
98
152
226
269
132
206
251
484
386
445
495
412
309
433
376
309
243
140
139
43
27
26
9
1
0
0
-1
3
8
56
65
104
170
267
279
466
523
350
486
415
370
386
275
273
288
101
42
90
19
29
84
20
5
1
0
0
0
-1
4
8
50
65
96
164
226
291
146
209
263
472
504
771
807
645
368
214
220
88
118
68
36
32
38
20
4
1
0
0
-1
3
10
49
58
86
243
382
611
486
535
303
317
443
489
304
226
167
204
119
63
35
122
162
78
88
27
6
1
0
0
-1
3
9
55
67
104
118
365
612
656
669
440
371
305
211
398
323
203
144
58
40
26
39
28
60
25
7
3
0
0
-1
3
8
49
82
112
100
224
453
584
604
453
452
256
354
292
341
239
182
293
288
147
133
132
37
27
14
12
4
0
0
0
-1
4
14
49
62
111
170
254
223
581
1024
699
709
431
339
355
428
658
558
377
287
182
166
125
70
31
14
6
1
0
0
-1
3
10
48
58
69
107
333
214
141
240
114
147
79
126
126
144
161
138
178
87
86
128
80
42
42
32
19
16
8
2
0
0
-1
3
11
48
59
90
168
157
343
449
882
775
1097
1119
1236
593
808
671
502
270
131
56
33
42
35
16
9
4
1
0
0
-1
3
8
51
62
75
145
227
194
120
358
608
496
382
596
439
253
599
364
211
183
167
96
22
41
19
1
0
0
0
-1
3
9
51
65
108
190
317
237
388
335
293
202
177
228
121
125
102
194
125
243
178
118
134
71
28
19
8
1
0
0
-1
4
8
51
67
105
174
257
399
376
449
637
1132
617
364
419
271
235
147
39
21
28
9
14
6
3
2
1
0
-1
2
8
50
57
89
92
298
215
531
561
528
776
1003
681
447
481
522
341
150
48
23
22
40
64
45
21
4
1
0
0
-1
3
8
52
61
108
194
457
504
423
513
551
625
528
418
347
395
466
385
354
254
279
101
62
23
25
7
5
1
0
0
