534331343775910336039 4620967858372028696 26
534339242701871257127 145498102059575576 22
534340366385439708711 540705391978776 32
534340368601778099719 257014076877176 28
541382913983719704 4555415483985040935 -22
54145427733315397912 4375341867634398759 -12
54145462917687486744 4357292284752827943 -22
54144372202152732952 4340931551731521063 -10
54145497002547947800 4339525276359595559 -4
54145498102055381272 4339242701875484199 -6
54145498102059567384 4339242701871281703 -8
54145498102059567384 4339242701871265383 -2
554546390658117277223 4622093758278871320 22
554539652885289244199 35159911188998424 50
554555413267646649895 1666605298821400 22
554555415483985040903 1382913983719800 48
561596236554643736 4591512433409791527 -12
561631420926732568 4573462850528220711 -22
56538506368723224 4557104316530169383 -20
561666605294627096 4555413267650876967 -8
561666605298813208 4555413267646674471 -12
574555413198927173159 9243053109382555928 22
574546423626150975015 4640356663731366168 26
574539685853322941991 71437215150975256 36
574573462850528220679 1631420926732664 22
589224968342128896280 4609526763199796775 -12
589241925010452457752 4557104247810692647 -22
589243053109378361624 4555413198931400231 -6
589243053109382547736 4555413198927197735 -12
594548079421942928935 13862635854747609368 22
594557104247810692615 9241925010452457848 22
6013835543888239208728 4611200185470293543 -22
6013862635854743415064 4548079421947156007 -6
6013862635854747601176 4548079421942953511 -12
6013862635837432465688 4548079439258072679 -20
614611200185199760935 13835543888509757720 22
614611200185470293511 13835543888239208824 22
6213835402599105497368 4611341474604054055 -4
6213835543853879470360 4611200219830048423 -20
6213835543595238754584 4611200478470764135 -22
634611200477929670247 13835543595779881240 26
634611200478470747655 13835543595238771192 22
6413835402305838713336 4611341767870838279 -22
5336258189909000380 13725894539246730816 38
5336223074256388284 9114243636471955008 40
5354307841510047872 4484472850790907518 32
544475465651536166526 4675001059192176768 -32
544467579919782018686 71763722472358016 -8
544484459639337287294 54323251986923648 -24
544484472799184191102 54307901706698880 -20
544484472850589580926 54307841744928896 -22
544484472816363896958 54307875937058688 4
544484472850656427008 54307841644528383 -26
5545265389163741312 18328573358419377790 32
5618320687626665229950 53714070871310464 -16
5618328560146965757566 45280799640617088 -8
5618328573238093184638 45265518079869056 -8
5618328573358218051198 45265389398622336 -14
5618328573323992367230 45265423590752128 10
5645265389163741439 18328573358419377664 32
5718320687626665229824 53714070871310591 -18
5718328560146965757440 45280799640617215 -22
5718328573238093184512 45265518079869183 -27
5718328573358217655296 45265389399018239 -2
5718328573323992367104 45265423590752255 -32
5845265423523643391 18328573324093030400 32
5918320687626698620928 53714070871474175 -24
5918328560112639410176 45280834000519167 -24
5918328573306812497920 45265449394110463 -32
6045265432214241279 18328575523015622656 32
6118320687626597957632 53716278585327615 -22
6118328573306678280192 45549123528294399 -28
6118328560129852833792 45281924888657919 -32
6245279725865402367 18328843803852800000 32
63117618794880040959 18328562328876089344 32
6353726174189977599 18320960305481646080 32
6418320678830504935424 126065243204616191 -32
539094043986932841532 38693107421085696 -2
539080603556794907708 34119139049537536 -12
539092988455770176572 4282791518208000 14
539094114355674922044 2593941660057600 -16
539094114355677011004 2593941657952320 14
539094114355676493884 2593941658469378 18
542558757287968768 9112163938556492860 26
542591742636802048 9094679504651598908 20
542593941491892224 9094114355843087932 26
542593941659926528 9094114355675053372 24
542593941660041216 9094114355674938492 16
559094043986930760828 38693107423182848 4
559080603556792827004 34119139051634688 -6
559092988455768095868 4282791520305152 10
559094114355674922108 2593941660057728 -16
559094114355674413180 2593941660566530 4
562558757287968896 9112163938556492924 16
562591742636802176 9094679504651598972 34
562593941491892352 9094114355843087996 26
562593941659926656 9094114355675053436 24
579094114286955445372 9243980445743792256 -16
579080427083020647548 70324409842778240 -8
579111038038649650300 4247607148232832 -8
579112163938556477564 2558757287984768 4
579112163938555967488 2558757288494334 -8
589225966047234310272 9148157482483891324 16
589243978246720536704 9094679435932122236 34
589243980445710106752 9094114286989131388 36
589243980445743661184 9094114286955576700 16
5914857438176656764 18395294888560509056 -10
599093902628811324796 9280220900906877056 -12
599092988387048734076 9245669295603925120 -12
599094114286955430268 9243980445743808128 -8
599094114286955051264 9243980445744186622 -7
599094114286955576444 9243980445743661441 -16
609225966047234179457 9148157482484022396 16
609243978246720405889 9094679435932253308 30
6168900633705102460 18377280490051027329 -4
619147031582577179772 9227654897094443393 -16
619148157482483875964 9225966047234326401 -8
619148157482483496960 9225966047234704895 -10
629227619643868397953 9147066835803225724 16
6318378934086685245825 67809987024305788 16
639227619643869054975 9147066835802568704 16
6467809987023648768 18378934086685902847 -16
539082668715720785669 67801302165880834 23
539088291609595297541 44726959735308290 4
539091673715952271109 41063378401624066 24
539091675914840252165 40779704536932418 18
539091675914975514373 40779704401670178 18
539091675914974201605 40779704402982930 28
539091675914975520513 40779704401664014 36
5444691775363219458 9106341192476868357 -4
5436280494230863874 9097019550076452613 10
5444726959731113986 9088291609599524613 4
559106341192341593861 44691775498494018 6
559106341192476856069 44691775363231778 8
559106341192475543301 44691775364544530 4
559106341192476862209 44691775363225614 8
5636245309860100114 9115069132956698373 4
5644691775360350226 9106341192479770373 6
5644621130664509458 9106411837175594757 8
5644691775363487762 9106341192476600133 6
5644691775361910802 9106341192478177061 12
5644691775364018194 9106341192476069645 -4
579088291540740804365 9286113463954059282 4
589277669214652739602 9097017265018834701 4
589286113463949864978 9088291540745031437 2
589268028420744544274 9106376583950335757 -4
589286113463951949826 9088291540742913853 -4
5927119735171415821 18419342863561392146 8
599106376583409270541 9268028421285642258 10
599106376583950319373 9268028420744560786 4
599106376583950327565 9268028420744552530 12
599106376583882673933 9268028420812206130 8
609259581955104850066 9115104524566740749 6
609268028420744544402 9106376583950368525 0
609268028420744544402 9106376583950335821 -4
609268028420744560770 9106376583950319421 -4
6127119735171415885 18419342863561392274 8
619106376583409270605 9268028421285642386 8
619106376583882673933 9268028420812206322 4
629259584171510886642 9115102308160704269 18
629268028420812177650 9106376583882735373 -4
6327119735103815437 18419342863629025522 4
6418410896397989314802 35847675720236813 -4
539277627287752605694 10202518768910337 60
541177727328124929 13898338097620779006 -48
541159997703127041 11592512818032082942 -60
541195319514169345 10439555991614193662 -60
549072220815556609 9566987961857671166 -46
549067822769045505 9422877171828326398 -44
541133746863013889 9291199659285872638 -36
5410175993050890241 9279905613284311038 -54
5410195913075654657 9278196843399282686 -44
5410199215922216961 9277912065576009726 -30
5511583505618777341950 4621853215385255937 60
564612846016130514945 12745434322638929918 -60
564620722917431902209 11872866292882407422 -54
564620718519385391105 11728755502853062654 -42
564612819627851448321 11597042805938520062 -52
564621826827106189313 11585783806870093822 -54
564621846609692000257 11584075174424018942 -48
564621849912538562561 11583790396600745982 -32
579286669808818388990 8648071282254479361 60
5829699749773313 18222941767474806782 -60
588646936586254614529 9431919692894109694 -38
588648044893975412737 9291199796724826110 -52
588648044893975412737 9288947996911140862 -54
588648064676561223681 9287239364465065982 -48
588648067979407785985 9286954586641793022 -36
5918221815867567964158 145270787732471809 60
5918222937369428295678 2285897609969665 60
6018229719157148418046 7709517217793 45
602279291916713985 18223506925074972670 -60
602282594763276289 18223222147251699710 -44
6118222381025168130046 147520379899412481 60
6118221818075214708734 4249616753688577 60
623405191823556609 18438553807281913854 -44
6218230288712795095038 144116291899817985 60
62147519276075974657 18222663603968278526 -44
6318446461494908878846 1103823962113 60
63144115188076380161 18230571291595243518 -44
64524289 18446744073709027326 -60
5318356866526020141310 17537374851201024 38
5318357992425926983934 16129999967647744 40
5318357992425926983934 15849624502564864 44
5416970026851268608 18429491468058001662 -36
5483710092015616 18374601665756037374 -28
5416959023077419008 18357445977305551102 -20
5416409250117480448 18357994655048829182 -28
5415281168300406784 18359122732587712766 -38
5416972217183139840 18357431683688333566 -20
5413024961917384704 18361378938954023166 -36
5416407059650052096 18357996841221291262 -30
5417537374850938880 18356866526020403966 -28
5518359122723930669310 15282276469078016 39
5518359122723964223742 15281181218863104 46
5518359105097351332094 15298803536918528 38
5518359122732554158334 15281168334026752 38
5614718218380605440 18431743276545507582 -38
5613590102270638080 18361095273594257662 -16
5614716019357349888 18359688981042462974 -32
5614153069370109952 18360250835813042430 -29
5615281168299685888 18359122732588630270 -36
5615281168333209600 18359122732554976510 -34
5615281168333764608 18359122732554420990 -30
5615281168333961216 18359122732554224126 -22
5718431180326592086270 15562643310737408 40
5718431743267888464126 14719326549276672 39
5718431743267938795774 14718231282284544 38
5718431725649932615934 14735844993628160 40
5814716015079159808 18432026959118631166 -38
5814716023669094400 18431746575063613694 -36
5814716023634753536 18431745475586457854 -36
5814718231281467392 18431743267939613950 -34
5814718231282022400 18431743267939058430 -30
5918432020362048864510 14723711660554240 39
5918432009332505739518 14733641692182528 38
6014733633034610688 18432010440674939134 -28
6014733641624256512 18432009332573666558 -38
6014733633068300288 18432009341129622270 -14
605708815824418816 18441034158373503486 -26
6118432002735503899902 14741338205650944 38
6214739130558775296 18432004943150776062 -38
6214740234382082048 18432003839327469054 -34
6318432004943083536126 14739130626015488 38
6414738026802577408 18432006046906974207 -38
537958550281987198 18185598781876279552 -42
5324882301976192126 9089418181403154688 -42
537923434629375102 8998290657693079808 20
5318120296841880702 8952627948415031552 -14
5326006002859779198 8944460767420422400 -42
537887974841459838 8962438057950386432 18
5326008132622492798 8944177162681030912 -42
537923158671426686 8962262136632080640 28
5326008201882771582 8944177093420719872 -12
549088292281496312064 26571151836456062 42
549089418181403023616 24882301976323710 42
556832650375276158 18330839869858846976 -42
556797534722664062 9143531745675647232 -10
5524877903929812606 9089985529402956032 -38
5524880102953068158 9089701855402989824 -38
556762074934748798 9107679145932953856 -20
5524882232715781758 9089418250663598336 -40
556797258764715646 9107503224614648064 10
5524882301976061054 9089418181403286273 -42
569088292281496443649 26571151836324990 42
578521500235277438 18329713969952267009 -42
5726003803836392574 9160917223534304001 -34
578486384582665342 9142405845769067265 -16
5718124703511749758 9097020204797729537 -34
578450924794750078 9106553246026373889 -24
5726571082575783038 9088292350757018369 -40
578486108624716926 9106377324708068097 -2
579088292281496443903 26571151836324864 38
5818302692372188044033 71571895018464382 42
5971004547018531966 18375317314225904385 -34
5918302976046188010241 71569695995208830 40
5918356946949364849409 17458055330014334 42
5971571894477399166 18302692372729142017 -40
5953486851806856318 18320777415399668481 -12
5918302692372188044287 71571895018464256 38
6016890707330081918 18429571891402709761 -34
604407750698110 18374682071920876289 -42
6017458055325820030 18356946949369076481 -42
6017458054249972862 18356946950444907265 -28
6018356946949364849663 17458055330014208 38
6118374119121967454977 72624951742047358 42
6272624951737853054 18374119121971682049 -42
6272624950662005886 18374119123047512833 -28
6218374119121967455231 72624951742047232 38
6318374119121967487745 72624951742063742 42
6472624951739950080 18374119121969601535 -42
534468705956922392640 34892566624664766 22
5416807799371005118 9098476742603440192 0
541045200675208382 4538582119890812992 -10
5434323010944433342 4469276612114251840 20
5434890359011474622 4468708168830550080 -10
5432636359134346430 4470962164429488192 -22
5434892566590717118 4468705956956405824 -12
5434327409024367806 4469271114522690112 46
544468705956922392703 34892566624664704 18
554470962155771920448 32637467303541950 26
554470962138626129984 32636389232671934 26
554470953351123042368 32645172440857790 22
5614595520839810238 13712375039578865728 -22
565535579386674366 9109748962604613696 -8
5632082222487436478 4543573895114391616 -22
561049606305086654 4538577714277777472 -10
5632080023464180926 4471519599611347008 8
5632642973417602238 4470955554441265216 -22
5632645172406910142 4470953351156990528 14
5632645172440661182 4470953351123239232 -18
5632645172440857728 4470953351123042431 -18
574470948944402186304 32650682968308926 22
5814601031367261374 13712370632858009664 -22
5814565915714649278 9100719730083233856 0
584543573920799785024 32083300608638142 22
581055116832537790 4538573307556921408 -6
5832085525367749822 4471514102002745920 44
584470948944402186367 32650682968308864 14
5913694356234348527680 4644301448304131262 22
5913694356234348527680 68644226895707326 22
6018324127020029575232 50559459642047678 18
6013766981210746126400 68076844536036542 22
6068079069295148222 13694921391949087296 13
6013694356234348527743 68644226895707264 14
6118405776787867959360 40967285841591486 22
6168074636888898750 13766983418393264704 -2
6167794265668648126 13767263789613515072 -18
6113766981210746126463 68076844536036480 14
6240965078194453694 18405778995515097664 -22
6240684706974203070 18406059366735348032 -18
6218405776787867959423 40967285841591424 14
6318405778995514966080 40965078194585534 22
6440682499394436224 18406061574315115391 -22
534330377685204451584 172377517202357310 8
534323631081856418048 35571882427956286 4
534331510165001191680 27411324306471998 20
534331512381137207552 27127633227299902 -2
534331512381200105728 27127633130847358 24
5435390767250494 8970290642024644864 5
5435529279945790 4394633282103525632 7
5427127633227284542 4331512381137223424 42
5427127633092025406 4331512381272482112 2
554330377685272617280 172377517167746110 26
554323628874311393600 35574090006535230 26
554331512381272351040 27127633092156990 30
554331512381272482048 27127633092025598 -2
569077981490978046 13572934069728305408 2
5635390631976190 8970290642159919360 36
5635529144671486 4394633282238800128 25
5627127633091756286 4331512381272751872 36
5713554919671218823424 4638778398427847934 12
5713554778381818749184 63262466419498238 -2
5713565046130090418432 17528871082286334 -2
5713572931853389906176 9361672806087934 2
5713572934069728174336 9077981491109630 2
5836170223959448830 18193556642706186496 2
5863262466419228926 13554778381819019008 16
5918192421877445779712 181420177295711486 2
5918158647105304076544 71642711314980094 -2
5918193554426367787264 36453915274558718 -2
5918193556642706055424 36170223959580414 -2
6036172440297848062 18265893495382425856 2
6036451716251303166 18194119575344464128 8
6036453915140063486 18193554426502283008 6
6118264758730122019072 181422393634110718 8
6118230986165593506048 71642720040189182 -2
6118265893495382294784 36172440297979646 0
6269951671156669694 18376792402552881408 2
6271642719905709310 18230986165727986432 12
6318376792402552750336 69951671156801278 -2
6469951671022320894 18376792402687230721 2
5332708281303813 4575343035994487864 32
533409856161448709 4571402940308405304 28
531140877481280261 4573671916849478712 28
532275642741424901 4572537151580978232 36
533410406923895557 4571402387398491192 34
533410408001831169 4571402386320539198 24
544553352803438968382 9244832027738177793 -22
544544310144934231614 4642188667815526657 -8
544539666082696412734 71175508644921601 2
544571400187297283646 3975556978508033 -8
544571400187297283646 3694082001797377 -12
544571402386320523326 3410408001863425 -24
544571402386320530944 3410408001839487 -16
5532708281335553 4575343035994472510 24
553409856161472257 4571402940308398142 26
551140877481295617 4573671916849479742 34
552275642741456641 4572537151580962878 34
553410389608767233 4571402404713619582 42
564557293453112901694 9241454328017682177 -22
564548250794608164926 4638810968095031041 -12
564575131929761939518 36272611532832513 -24
564575340836971216958 316382281301761 -16
564575343035994472448 32708281335679 -24
5732156445147007 4575343589978144768 24
5714977574469503 4575360766709727232 32
5723842927771519 4575351901348069376 24
5728275604537215 4575347468671271040 30
584557294007096573952 9241453776181493631 -24
584548251347518095360 4638810417332584319 -2
584575273221233967104 36131322208288639 -14
584575341390954889216 315830445113215 -14
584575343588904402944 32157527277439 -16
599223439377672011647 9186994424033443840 26
599223439377672011647 4611337202625019904 36
599241453776173367167 4557294007113089024 24
599241453776177299327 4557294007100801024 30
599241453776179380095 4557294007098687616 30
604548286807858348032 13862146993855496063 -24
604557223638368911360 9277552941936508799 -24
604539840359533772800 9259188898729394047 -22
604557294006572023808 9241453776714465151 -12
619259468174682849151 9186994424049958912 24
619277552941936492415 4557223638368927872 28
629151526377961160704 9295217695748358015 -24
629186853134108852224 9259609464623988607 -22
639295217695748341631 9151526377961177216 24
649151385088020054144 9295358985689497471 -24
