4546390658117277223 4622093758278871320 22
4539652885289244199 35159911188998424 50
4555413267646649895 1666605298821400 22
4555415483985040903 1382913983719800 48
45265389163741312 18328573358419377790 32
9094043986930760828 38693107423182848 4
9080603556792827004 34119139051634688 -6
9092988455768095868 4282791520305152 10
9094114355674922108 2593941660057728 -16
9094114355674413180 2593941660566530 4
9106341192341593861 44691775498494018 6
9106341192476856069 44691775363231778 8
9106341192475543301 44691775364544530 4
9106341192476862209 44691775363225614 8
11583505618777341950 4621853215385255937 60
18359122723930669310 15282276469078016 39
18359122723964223742 15281181218863104 46
18359105097351332094 15298803536918528 38
18359122732554158334 15281168334026752 38
6832650375276158 18330839869858846976 -42
6797534722664062 9143531745675647232 -10
24877903929812606 9089985529402956032 -38
24880102953068158 9089701855402989824 -38
6762074934748798 9107679145932953856 -20
24882232715781758 9089418250663598336 -40
6797258764715646 9107503224614648064 10
24882301976061054 9089418181403286273 -42
4470962155771920448 32637467303541950 26
4470962138626129984 32636389232671934 26
4470953351123042368 32645172440857790 22
4330377685272617280 172377517167746110 26
4323628874311393600 35574090006535230 26
4331512381272351040 27127633092156990 30
4331512381272482048 27127633092025598 -2
32708281335553 4575343035994472510 24
3409856161472257 4571402940308398142 26
1140877481295617 4573671916849479742 34
2275642741456641 4572537151580962878 34
3410389608767233 4571402404713619582 42
