9838267334832226304 8102099944355069951 -54
12146362143859605504 4929314006872555519 -56
12141845332912832512 4646726341574459391 -48
12148609545626779648 4639399178907090943 -48
12148600732353888256 4638847241249816575 -48
12148613926459867136 4638831856710516735 -56
12148613943639736320 4638831835235680255 -58
18446357701550178432 103784769288318 52
2317768631337246208 9349932103272866172 -42
2308708413861010944 4747306302321713532 -4
2324484508489244160 1272765693872939388 -36
2333557652671847936 687231797386912124 -44
2332985940985142784 399573132921905532 -34
2308734768925531648 140097528457175420 -24
2335239871102606848 110214726559572348 -34
108510414819156476 2335818282936180224 46
108510414817043838 2335818282938292736 48
2335818282938031104 108510414817305469 -30
79418714243366400 9089417545873686780 -26
4396101399251680768 179063240947466492 -24
4411334016027745792 146097700638630140 -18
4411898357685845504 145392621492175100 -38
4411846129805573632 145374480628269308 -32
145251059382714620 4411899182306983424 32
145251059370230268 4411899182319435264 36
4411334024719268864 145816216970396414 4
4411899182185085952 145251059504579325 -38
4788816044310308 8948367243168219160 40
4793213820288804 8947799895438835736 0
4793214090821380 8947799895168286840 22
4793214090820384 8947799895168287774 36
4793213956341028 8947799895302767129 0
8487475604644413 8980415905650088960 -8
15821252588757565 4505511298314443776 8
16944919112606269 4432330037752667136 -16
17509002937393725 4359989834866662400 -18
17512301472276541 4359705061355069184 -20
17512301470163517 4359705061357182080 -8
17512025381143101 4359705337446202432 2
17512301472276541 4359705061355068930 -16
4331634103706214460 4675002201081322752 10
4339524233506873404 199541240929131776 14
4340377454530027580 126630425868049664 -24
4323768231880843324 71745004432727296 18
4340658928965648444 54291357394533632 4
4340658653550870588 54291632809278784 26
18445302308897555518 1156978398690048 56
18445302308897555518 33277515102976 54
18338807871933808640 17864209228332068 55
70017754131593216 18304383947716691518 6
70017728328103936 18303823222590015038 2
70022143588169728 18303817707818321470 6
70022126374746112 18303816629815084606 0
67765945694287872 18306072806217352766 8
70022152177973248 18303816599716890430 8
33852065756952576 18339986686137910974 4
51937108967528448 18321901642927335038 10
13622611764186645764 4679454171493611536 10
13639491397976786180 195003707351939088 22
13637244030569350404 53698836636940304 46
13640626161616094468 49753755636791312 30
13640626162695995652 49753754556874256 38
13640626162696126724 49753754556742674 28
8946699934705138724 222628906621190400 -10
8939383792957406244 103844258802548992 4
8948390992211869732 76822661038604032 16
8948390992211090468 76822661039382848 4
8948390992177267748 76822661073205520 8
8948390992211615780 76822661038857480 0
8948390992211621924 76822661038851330 -2
18307318100408432696 67086904286381120 8
18308302710915203128 65539343826222144 34
18308444000315013176 65398054426379840 12
18308444000313161784 65398054428230848 14
18308444000315273216 65398054426119292 14
9260111941334974335 4634337334033137792 36
9277563389891035007 293430243201400960 46
9277558957216350079 77261893762302080 40
9278121924618076031 5767232229490816 36
4476030653510059262 4621240044014106624 16
4484470470134596862 73171803000109056 -2
4467586404208739582 36012673397520384 44
4485037852764799230 546826331979264 -2
4485037852764669182 546826332109056 6
1261431246577547280 17185312827131954184 -32
1261435653302205456 17185308420390551560 -16
1261435653310594064 17185308420382146568 -32
1261435644690906128 17185308429001818632 -20
1261435618887810064 17185308454804914440 -22
1261435653313731600 17185308420378992712 -36
1261435653314776064 17185308420377948216 -38
1261435653246365712 17185308420446358540 -28
1261435653314787344 17185308420377936906 -30
18730973332226 17905446763498323069 18
9024826404635138 17878707744534248829 18
47529374152865792 18308861227720787134 -8
4650137824581335040 4500895138947024062 6
4659213176377128960 4474086863618458814 -6
4659213167753375744 4473805401560468670 -6
4659215383889524736 4473803181146129598 -8
4659215392576059392 4473803172442850494 -2
4659213184933115904 4473805380085761726 14
4659215392513013760 4473803172505863614 -6
4659215392580245504 4473803172438631678 -10
7005415625662208 9162041398820626556 -4
8060809349373696 9052899614040023164 -10
8025486460395264 9034920538419519612 16
8129116509249280 9017083984837894268 6
8060533397724928 9016871642728521852 -6
3592255040331520 9021339373477585020 0
8131314991439616 9016800311379026044 2
8131315531847936 9016800310838584958 6
8131315398024448 9016800310972408445 0
6933042220736000 8963392990571143294 32
177917657587200 4394490893725868158 -2
34024184095415808 4324897305245786238 20
34025283602849280 4324614730761658494 -8
34025283539730432 4324614730824761214 30
4803926374809664 4480640564997848636 22
4803929071755264 4480640562300870396 34
34974654593374384 18411485745116143680 -24
9079333004306684080 9295351276341616704 -14
9259610551369130048 9114794453325715632 18
9114798851337754800 9259603954333900864 -24
9114798851035889840 9259603954635701312 -28
9114798851371964592 9259603954299626048 -18
9114798851304986800 9259603954366603584 -12
9114798850295857280 9259603955375732856 -20
9114798851372224688 9259603954299365444 -32
8140679932487036 9160906686417082368 -4
4467741975127991676 107633771303671808 4
4484736301724796284 72625046197401600 -4
4484734094077927804 72627253844254208 20
52025501344791552 13710412009929179260 -10
51954856644754432 9098796636201828476 34
67783693303347200 4471281781132625020 15
70039899820588032 4469025574598672508 12
70039891230653440 4469025583188542076 34
13554756476976707388 4639504542623336448 12
13580643310021588796 146046879226923008 -2
13546875177628809020 71728620562810880 12
13581775875717674812 1080600431691776 -12
13581778074740918076 796926431754240 0
13581778074605655868 796926567000128 0
13581775729386139964 799271786515970 30
368402083839615 11560934791329644928 -12
298033339661951 6949319141646434688 -4
18100221793173119 2391888528803463552 -10
298033339661951 2373661920238010752 -4
18373970006343295 2321808986366050688 -6
18369589273919103 2320687467191632256 -6
18378368187072127 2320115738325057920 12
4546419173095783936 4622697735208387071 -12
4539646181468683776 35799106917581311 -12
4555391050539482624 2110208081478143 -14
4555443963460726272 1987476171870719 -16
4555443825482808832 1987339271881215 -8
4555443962921754112 1986929102512639 -12
4555443964530277888 1986925354893823 -14
4555443963995504128 1986925881311743 -16
4377179879924903998 9241423918266715648 -12
4386169452566753342 4620748327197478400 10
4393496632481099838 145850316931599872 -6
4395193178922758206 320057390796288 -2
4395194278430191678 37482906684928 2
4395194278434373694 37482902486528 -4
4395194278434320446 37482902523648 10
4395194278434377790 37482902466112 -4
9293653441512914464 9081031938630221838 24
9581883817664626208 8720743968440582158 -6
9582446767383034400 8648123424701023246 -4
9582446767584099360 8648123424483246606 6
9582446767611756064 8648123424455540750 -2
9582446767550807584 8648123424516473102 -2
9582446767482773024 8648123424584507470 -6
9582446767583176224 8648123424484104222 2
6646266091177998592 9241588969254945918 -36
6632755292295887104 2337570740495975550 -36
6663154589780637952 145443621873386622 -20
6664210120943302912 36301699653829758 -6
6664276057281231104 769916250358910 -24
6664278290664225024 486207890654334 -14
6664280489146384640 202534431816830 8
6664280489685367040 202533892801790 -28
466020862866237 4520585055063641088 28
529921352741693 4485055307508222976 32
536457785455421 4484485821122120704 10
536527043887933 4484485751863671808 12
536527045996861 4484485751861546498 -6
4364208631470653117 4624131799830691840 12
4359634663099104957 35034148284334080 24
4373215830725369533 3438582148587584 17
4373215830725392573 3438582148564482 24
9080412569215437948 70620398607888384 26
9089417552267054204 43882492023500800 28
9089419759846689916 43598809483931648 16
9089419768469913724 43598800843931136 16
9089419768470177916 43598800843666434 16
4475709285255945342 4621280487055712256 44
4467739750099917950 35578402293833728 48
4484734076696723582 569677187546624 40
13381970951151616 18415347704248867868 -12
4445277879541760 18406269998810995740 -12
12317711873875968 18380383166307212316 6
13452477132177408 18379248401048894492 -2
13452339156353024 18379248539024702524 -12
18165522546557771808 154276312655273244 -12
18166586873813458976 45125594342694172 -24
18166551689441370144 27146380205301020 6
18158769337516482592 17477283574127900 -2
18166655043534381088 9310102579518748 -12
18166657242557374496 9026428579815196 -6
18166657242287087648 9026428850101660 -6
18166657241479675904 9026429657513340 0
13835395609832390656 4538727919877373052 28
13862626114805891072 4476031567838329980 26
13862628313660981248 4475466419029819004 36
13862628313829015552 4475466418861784444 36
44092807716353 9042621008994574460 14
44092807716353 4466963787586150524 14
18049625965731329 4412929457413365884 20
18058491315101185 4412920592059818108 10
18058491317190657 4412920592057712508 18
18058491317196801 4412920592057706110 20
18212698389453784310 161983683564419072 48
18212699488965411062 161982579757825536 46
170618134349089280 18276125939360411905 -34
170618134885040128 18276125938820267777 -16
170618134852141568 18276125938853165329 -22
168357504484770304 18278386569220536585 -34
170617859470131200 18276126214235175685 -14
170618126262339584 18276125947442967299 -34
4367625775638643712 4620714655662684799 8
4375515871079564288 145253729870232191 8
4376545013963162624 18123797420259967 -2
4376646169032918016 571193794443903 10
4376650567075234816 3845798738559 26
4376650567075234816 3845798722175 -2
39874677965376 2179139395015933116 -6
44341443953216 2035582690127510716 -6
1174639397306432 2033889442220736444 -20
1174639397306432 2033889442220736190 6
7216883670924348 9107505812173504640 10
479214932802620 4538586259503202432 12
34326649060670524 4468710028356403328 -34
34326718321197116 4468709959095844480 -14
34326718321081404 4468709959095959936 -8
34326718321211452 4468709959095829634 -10
8988391139196028 9160340450187083776 -14
4341380726486482044 252290893431373824 -2
4341416048297524348 234241173110849536 -16
4341451232128547964 216191590770376704 -4
4341451232667516028 216191590231392256 0
4341451232669351036 216191590229541376 -10
4341451232669612156 216191590229279746 0
9267436949172510976 9178459392448535740 -32
13727122047769895168 4647279649766644924 -2
13734994568204640512 4638846378401733820 -14
13735007727917326592 4638831028255726780 -24
13735007779456934144 4638830968159739068 -28
13735007503568175360 4638831244014943484 -34
1170388682510842892 9277680978011980595 -30
1161416736482147340 4674966905613288243 2
1156869139176242188 2373671493705499443 -8
1180510546038242316 620647829933228851 -12
1185623584479263756 327304415340495667 -16
1186738411926731788 182074399817171763 -22
1187870951886699532 108884265819276083 -26
1152972487180827660 72006611463930675 10
1188438334244257804 36259289423806259 -18
18158716922037237760 71571790758413694 12
18162099019770458112 67626747366739326 10
18162099019770525696 67626743088481662 6
18161957730404204544 67768032438058366 28
18162099019770329088 67626743071901566 14
18162099019802163200 67626743040067070 6
1170388682446893056 9277680978075946813 -30
1161416736417935360 4674966905677516605 -4
1156869139112030208 2373671493769727805 -6
1180510545974030336 620647829997457213 -16
1184493269281828864 328434730537946941 -4
1186738411862519808 182074399881400125 -4
1187870951822487552 108884265883504445 -30
1152970270779273216 72008827865501501 10
1188438334180044800 36259289488019389 -14
1188438058226290688 36259565441773437 -8
94988570460160 18374310016107478140 6
8936369129070264320 9294202162508528764 4
4974043192723764 4371961844657976840 36
4938515089033524 4353982974252185096 26
5042212913645876 4336427827871512072 18
5044411936901380 4335862678894835320 38
5044411936901424 4335862678894835214 34
9259546616331278336 8680820671445952255 6
12722858710244300800 4929278201381218047 -2
12718341830510942208 4646690604869707519 6
12725106112011474944 4639363373415753471 2
12725097289979828224 4638811444517234431 -2
12725110501400414208 4638797133585020671 -4
12725110484237850624 4638796055530923775 2
4475464983007326208 4638976237860424828 -10
4467581484636172288 35736667757612156 4
4484468883727183872 18567793689889916 10
4484472182262001664 18283020178361724 -8
4484471630350331904 18283572090031356 -14
4476028515286179328 4621242182238019646 16
4467584265984859648 36014811621433406 24
4485035714540903936 548964564295742 -12
4485035714540781568 548964556029758 30
4485035714540903936 548964555907198 -12
4485035645686963200 549033409847871 24
40681551731604604 9109788466155094016 14
40782706801359996 9092235862529277952 2
40787103769934972 9091668515607298048 18
40787104713391228 9091668514663825920 -6
40787104780631164 9091668514596585728 14
89297107688038144 9097904844895166588 40
4395864251361074944 215680479813705852 10
4430767148471099136 144748785684734076 28
4430764940826319104 144750993329497726 14
8988292855726144676 9241434010939490560 -8
9005181354328784036 145288663557931264 12
9006307254235364516 47575575495424 -6
9006307254234553508 47575576305984 -6
9006307254201799844 47575609059600 12
9006307254235099300 47575575760136 -8
8937559671854300988 176881549013417984 -4
8938544834272788284 67809995538038784 10
8935307872040615740 35581110704668672 -4
8938683372737888060 31924135030685696 2
8938685571752755004 31640461039140864 -2
8938685571760070460 31640461031792704 -6
8938685434053229372 31640598738633730 10
8938685571761143100 31640461030720001 -12
2309199280615036 9202766961940434944 -4
2449935695228540 9166597430654341120 4
2449936764776060 9166597427437342720 22
2449935691026044 9166597428511076352 22
2449936768835708 9166597427433250560 30
2449936735283324 9166597427466802690 14
36220931821962940 8969006898570426432 6
36280236730386108 8952059095059363904 -8
36286867889358524 8951489513946970176 -12
36289084228798140 8951205822630819904 -8
36275898745783996 8950938632648751168 -14
36291266139160764 8950922165743746880 0
36291300566140544 8950922131316766846 -4
8742285594932543 9106402622706157568 30
8777466739504447 9088353043060492288 18
8777469425956159 9088353040365684736 48
8777468889072959 9088353040902551552 24
8777469967020351 9088353039824588288 -6
8777469967013183 9088353039824595008 44
6933183934176768 9107508036933542012 22
195515196055040 4538588484263239804 14
34042949323922944 4468712253116440700 10
34043018517217280 4468712183923113852 2
34043018583808000 4468712183856522878 -6
7179285564076092 9108106360233788928 22
7185882629648444 9107536813214811648 13
7185882499100732 9107536813345345024 38
7185882633834556 9107536813210609216 34
2308911689372180224 5629527078798450940 -24
2315680274362834688 2163993979987255548 -24
2317369132813033216 1081441210968137980 -34
2317724685229760256 1045056861532446972 -32
2317830583021379328 1026936565231345916 -28
2317918819907444480 1013337529463169276 -28
2317929883743198976 1009948765906886908 -33
2317934281789710080 1009099942930243836 -16
2317371323212667136 1009381426530576126 -12
2317936480812702720 1008816268930540541 -33
36253899929028096 450134859826936191 19
36746481138271744 323541489051318655 19
36816849878255104 305456721801886079 20
36816848804513280 305456722875611519 19
12560389860990464 8975780041440370814 -4
3553190606249472 8966772842185629822 -20
9246418831514624 8943628165404303998 14
12628559581912576 8939964549677195390 -8
12630758598876672 8939680875683537022 -8
3605932737396736 8948705701545000830 8
12630758604905472 8939680875677491839 -22
2177510374328774780 11621518881782697472 22
2168520836113772668 7018822401570311680 22
2161783028858761340 2449902987416899072 16
2195560026064027772 2380097193192685056 16
1736298910277305858 2766456292163008829 24
1729550107906016770 2629652856411863357 24
1737431407253915138 2621490082087254333 22
1737433606272976386 2621206408091515197 22
1737433570568963586 2621206443795511613 18
15990760270662780 18178270259329396736 4
51689958607996 9006866089805639680 16
34038144128978044 8937132313593016320 -4
34040343143844988 8936848639601471488 10
34040343151837308 8936848639593446912 14
34040343152102524 8936848639593181440 4
34040343151708284 8936848639593575426 6
326723916754781440 8661616514546547325 6
2344336549816763648 2176433051133033085 20
2632496557224297728 1762172254159125117 4
2632565822145037312 1744370065705614205 4
2632566925964281088 1744087486909692541 26
2632566924890539264 1744087487983417981 4
4467597356712865840 36002270657629320 34
4467597356707647488 36002270662847608 22
4468869134018476032 69914865424008319 10
4467813740563725312 35504411813216383 4
4476063596419235968 4621207650869132348 20
4467601789291610240 35997838078852156 36
4485088422211354752 496806649658428 8
4485088422219743360 496806641237116 4
182055953316113024 10401121696027841598 -16
182020492992375424 5789471137924191294 -8
198977437267585664 1737288927525016638 -16
198416686337419904 1449619302303470654 -10
199542586244262528 1232320620282844222 -4
200070214386641536 1168742597357278270 -16
198414470000077440 1161672617465812030 2
200105536197552256 1159700076291626814 -2
200105536197659264 1159700076291519614 -4
200105536063203456 1159700076425975359 -16
9169081636146053376 247205180251676 58
9169081636145529088 247205180775454 59
2899332160881639169 9259542408088518910 -22
2919505931508596481 1168918105213632766 -10
2931961113261325057 291771795005768958 -24
2934226192644390657 145391527546847486 -8
2935290589156425473 18226341468438782 -10
2935354326471098113 711155597705470 -10
2935358741562203905 425265529889022 -10
2935360957898505985 141574216892670 -16
13727122163651634176 35595710202387199 30
13728248063558475776 33906860342255359 28
4546010851634585636 4659346786710658072 38
4545975530092503076 4641367709743258648 42
4546081357545611300 4623247483780701208 26
4546081358082474020 4623247483243822104 28
4546081358086668292 4623247483239611512 46
4546081358086676512 4623247483239603230 42
7915598963162626 18438827924982137089 -24
5646070558375426 18441097451247829249 -28
6780835816685058 18439962685981163777 -18
7915599728607234 18438827922069225217 -4
7915601077083650 18438827920720732481 -24
7915463099158018 18438828058698658081 -18
7915601077085698 18438827920720730385 -28
7915601076957698 18438827920720858377 -30
7915601077088256 18438827920720727815 -24
9294011716605971974 9080674763065590017 10
13618025876160384518 4684603009473249537 0
13618593258780102150 4611978032815636737 8
13618593258653224454 4611978032942489857 -4
13618593258518478854 4611978033077231361 -2
13618593258754672134 4611978032841034001 0
13618593224293876224 4611978067301829903 -2
18415514838640436350 13214559521609984 28
18415585069945660542 13144053338478848 34
18415585207384605822 13143641021643008 32
18415585207384612990 13143641021619968 32
570676718534718 18337805530957364224 -12
8936270889328508990 9330047724309462016 -8
8935147171265052734 9259395323311700992 0
8936838237328179262 9257422782271864320 -2
8936838237261201470 9257422782338841856 -2
2670402922942775102 1202692756595802112 -8
2678266355226722110 618368572008431616 12
2682233668057644862 182055694949941248 -6
2683896129638842174 54292443802370048 -6
2683931314010922814 36242860920807488 12
2683931314010930494 36242860920799745 -8
4331876616759672320 4693335932684206204 -20
4340813447270235648 108741880765218940 -16
4323924672711736832 107616256814235772 16
4340600142014447104 72927488513671292 -34
4340883816014216704 72642715002274172 -28
4340883816014396928 72642715002093820 -34
4340883816014280704 72642715002209918 -6
11493535553420348 13714633703741718656 -20
2310483157711932 4536473516301615232 -2
29538754748218428 4473779397645566080 -2
29543178530585660 4473212023909778048 -24
29543187153411132 4473212015286952128 -18
29543187153942588 4473212015286420610 -18
4449755248767 4557496808874116864 -2
866395492443259007 3546990578110267136 0
866395492443240575 3546990578110269312 -2
16168058829082667132 2062230987536371712 26
16168058829086853244 2062230987532169216 18
16168058811839619196 2062231004779387904 18
16168056621439985788 2062233195179020800 26
16168058829019621500 2062230987599384832 26
4156982210870332 18334219225465061376 10
21639217092508732 9165422547766575104 8
3980508447128636 9147052459392991232 8
18265915418491964 9097019730379374592 12
22206564957961276 9092797605863195136 18
22206565092432956 9092797605728723008 18
22206565092440124 9092797605728715778 4
8982592780721242112 150425788609412156 2
8975274431326765056 31643348437515324 2
8980340980907556864 8843875323952188 28
8984281629503553536 4621751751244924 20
17392903332593664 18393322373357988996 12
327999677267968 9223044037177502852 -2
4475785510418590828 4620922786916372624 -4
4484803704789609580 781524071387280 24
4484810301855173740 211977052418192 -28
4484810301825687660 211977081888400 -8
4484810301792136300 211977115439504 -16
4484810301859375200 211977048200350 30
9267460884467843072 9179283189241707520 -2
9267460876484511744 9179283197225030688 -2
9267460885141028864 9179283188568513552 0
9267460885007339520 9179283188702202888 6
9267460884604162048 9179283189105380356 0
306639908688590975 2464762712004527232 6
289681041341773951 2373635188294452352 2
307761376189184127 2320089006381499520 10
307765774168455295 2319521658448807296 -4
20991643693376 4341167574164737214 10
25388341723456 4340600227513302206 8
25320836247872 4340600295018761918 8
296307536525695 449993286456346112 21
861318805813631 305383455855379968 19
4519286061722624 9001835539437326591 8
4547873364044800 8984355503578943743 18
4552254095412224 8984069647870865663 10
4552271410555904 8983788159873978623 14
4554470433808384 8983785956555759359 8
4339425820713320036 37510067137347736 -18
4323698543828565604 35222945512620184 -24
4339491894490201700 1978146294923416 -2
4339496326355385956 1410764476350616 -18
4339496326896318560 1410763935385246 -2
4339496326761970788 1410764069733017 -20
4467614931785910272 71732017626821948 22
4468740831688558592 70043167770768700 32
4468705578466707456 70078420992603964 34
4468740831692720128 70043167766590908 17
22171529922176 18338423577022675327 -26
8448759656759936 18312052959130533247 -34
12969848123049600 18307461776797972863 -26
15239342931461760 18305192008185395583 -32
17508873177532032 18302922476873972095 -40
17508803919087232 18302922546128222591 -36
8137153821148674 9161191412627224636 -26
4484662269430334978 109009075609614396 -16
4467809023919261186 107847922611206204 -28
4484732569455035906 72910253443856444 -34
4484732775609271810 72909772411746364 -22
4484732775611368962 72909772409632828 -24
4484732775613333506 72909772407652156 -18
4484732775613203456 72909772407781951 -28
4541610977251769662 7024646392414208 28
296310415999401984 4144238816587889982 -22
296345738078879744 4126189095998930238 -32
288446708567015424 4125080926256053566 22
296380922180435968 4108139513387908414 -38
296380922450706432 4108139513117622078 -10
722654871428792512 3546616837830081596 14
581354433120043200 2823226147683695676 -4
729339902125670592 2423039099545320508 -2
729304441801932992 2405060161359576124 0
729303890963988672 2387187051176393788 10
4638947111718715648 13591342704900323896 24
4638805822318772480 13591483994300266680 20
8165101211036384304 10137527674597277696 -4
8165667463270202416 10136679947386781696 -22
8165667463819394096 10136679946837557760 -16
8165667429392612400 10136679981264339200 -10
8165667463819648048 10136679946837303360 -10
8165667462743154736 10136679947913796616 -8
8165667463752282160 10136679946904669188 -12
8165667463550695472 10136679947106255874 -12
4375378634172499332 145250229288990840 -20
4376443030684534148 18085043210582136 -14
4376508966751929732 567658587125880 -16
4376511183091369348 283967270975608 -18
4376513399428710788 275956924024 -6
4376513399428711808 275956922494 4
2554437420128001 2175498932366927996 34
288533013758154497 1746531067859888252 46
290784813571838721 1743153368139361406 46
4467584214344679552 36015413008972924 40
8935146162838062270 161843609473595392 28
8935146171427996862 18009887784515584 26
8935711320404657342 17163263831177216 18
8935711320404672702 17163263831129600 24
8935711320404657342 17163263831144512 24
27145191488488510 17914351299025434624 4
27145191490596926 17914351299023310336 6
27145191490589758 17914351299023317056 8
6498682033946752 18394997874163924863 -32
2012743312097408 18390476613631033215 -44
6481158567379072 18377071367865188223 -32
1995151126052992 18381487281440243583 -30
6516272877813888 18376966022249529215 -26
6533866135502976 18376948292089757567 -26
18376948222569185151 6533935123398784 34
6533935125495936 18376948222562926463 -28
18178817413209328385 158994745001522236 10
18161928914606689025 67796852547269692 32
18176565613395643137 17694306692772924 6
18179941096778828545 14037348332876860 30
18179941105435872001 13756964210750524 12
16118167486026756 13818939887796093040 -33
43104304922301444 9180267731932430448 -12
70196547382367236 4541489471045009520 -16
70196547380270084 4541489471047082096 -33
70196547251819524 4541489471175526512 -28
70194339605206020 4541491678822138480 -28
69913968519173124 4541772049908171120 -32
70196547384448004 4541489471042896112 -34
70196546310718468 4541489472116625528 -24
70196547386036228 4541489471041307762 -24
581284400228795964 8389323107539810304 26
576781076553074236 3818169209807108096 2
608374443665589820 3751109995629049856 4
608376642688843836 3750544846652374784 -2
608376642688319548 3750544846652898818 8
70816764542078 13581941234454724864 23
172068715646 13582011879150534912 52
18311084147365380096 135378451367345212 12
18302672866098806784 126056809101147196 26
9277591938318735420 8952697878300263682 50
1159994745100925952 5487318304897892479 -8
2534456494619648 4338935584290504831 4
1153204092568304640 900437337512607871 4
1169001935731784704 866625095839646335 6
1169001944355535872 866625087215894911 -6
1169001944355650560 866625087215780095 0
7999269305038471999 34940770978823232 46
8008276504284824383 7919175370472512 48
4638867876479077404 13590858990186541090 16
4638867876546183196 13590858990119304738 4
4638726587146374172 13591000279519113378 16
4467743027214992524 35575125178791984 48
4468868927121834124 33886275318529584 48
4468868927117624460 33886275322738800 10
4468868927121834112 33886275318529086 46
2356520885385216 13741785112607491326 -18
38456238560245760 4500327756587336958 -2
38522174898173952 4482810371693348094 -4
38524391101298688 4482526680513512702 -8
38524141959376896 4482245458973691134 -12
36270400753498112 4484499195901379838 -16
38526607304161280 4482242989333939966 -12
38508980691400704 4482260615946700286 -10
508359468232752702 4049283354657751296 48
508359468231892542 4049283354658611264 40
508359468232948798 4049283354657554945 30
4784930958340 18446738184921469176 -52
378226879492 18446462216160465144 -30
567726294445060 18445893772876239096 -50
4776273650692 18446456718635620600 -38
565527271189508 18445895967621304568 -48
569899478951940 18445891595396895992 -46
569933907369988 18445891560968347384 -42
569933638674432 18445891561237042430 -52
10952931146977984512 2665391176236940604 30
10971015914227433472 2611277611968560444 42
10971015914231513088 2611277611964448572 32
10971015879601356800 2611277646594604476 30
2534706447607076 4483050522413406232 2
2536905470730532 4482485373436861976 9
2536870840575268 4482485408067016856 4
2536629514994948 4482485649392597112 21
2536905201901856 4482485373705690142 4
4340582514867983488 9241429536351201855 7
4357497401749689472 145257800690575935 10
4358561797724853376 36107013658520127 -14
4358632166468899968 7847895575103 -6
4358632166464820352 7847899621951 -4
18303790181431906304 70896289649552508 10
18303790181364269056 70614823330413692 10
18303792380388052992 70612615716826236 10
18303792376109862912 70612619994950780 12
18303792380446773248 70612615658007676 28
9079566298842730496 71748143969873020 32
9080691922795827200 70059570067549308 34
9080692198479040512 70059294380158076 32
8944247044863376446 9286042771755630592 -18
8962260343861230654 44938910879711232 -20
8962261442831793214 44656336932470784 -8
8962261408742587454 44656371021660160 -24
8962261443372727358 44656336391504384 -4
8962261443372792894 44656336391438592 0
8962261443372850238 44656336391381056 -12
7884769269071422 9161162597080498176 -26
5651764559422 9097265595523792896 22
8452116727938622 9088537655583735808 -8
8452116188970558 9088537656122687488 8
8452117201763902 9088537655109878016 24
8452117268995646 9088537655042646080 -8
8452117269003326 9088537655042638337 -6
4368473693969406204 4620711162262069248 26
4375781048247605500 145832977632337920 26
4377375340107880700 18137896205688832 6
17944579989504 4377480893224130812 24
4377480893223878908 17944580209664 20
4377480893190199548 17944613888512 16
4377480893224016124 17944580071680 -2
576717977589612320 8087926230494478367 -10
2315107433754623776 2026081132053790751 -12
2891497679874916128 1197489306800750623 -12
2882525733577260320 1188446854588924447 -24
2891567082234609184 1161672582398804255 -26
2891559320704483104 1161398868952252447 -12
2891568186058030880 1161390003598672031 -26
2891568186058039040 1161390003598663807 -20
13591481924629596384 4620793489184945180 20
13598800274024073440 145904309438936092 30
13599921741254133984 72725248170947612 16
13600453939512248544 18149854384387100 28
18183535029612475392 154559703086729276 -12
18166585027078157312 63423314564155452 -14
18176784096937407488 17758397639362620 -6
18184669794327593984 9309750295787580 4
18184669794331815936 9309750291533372 0
18184669794061267968 9309750562080956 -22
18184669794331808768 9309750291540092 -14
18184669794062856192 9309750560492606 -20
96867241133083660 18349876830416351536 10
87895157396471820 18358848364397150000 10
105874302679910400 18340869219113710910 6
7062538850627584 18313017795339095164 -14
2017915374425042944 16158612721642245244 -6
2025801002558881792 16150164143555017852 -2
2025801071819190272 16150164074294677116 -14
2025801071752212480 16150164074361654652 -6
2025801071548903424 16150164074564963580 6
8839486417215805 9088431208967839234 -20
4540345341137526274 17296929858068797 14
17793771674870077 4503819702301761026 -10
17829024631955773 4485770050835193346 -10
8786227746906429 4476798998966574594 0
13325217906893117 4472259461198257666 -14
17864277853806909 4467720399103892994 -10
17864277855895869 4467720399101787650 -2
17864277857992961 4467720399099674238 4
4629448710969556992 13817295362731555868 -14
4629519354589544448 13799210320602102812 4
4628954196991344640 13799775478200286748 -2
4629236775791362048 13799492899400269084 10
4331374329901317920 4620937304381063199 14
4339255629249216288 145485174681632799 0
4340346344783970080 18293669580505119 0
4340379330132803360 809235675611167 4
4340379330132803360 527760698900511 6
4340381529156042528 244086698950815 -22
4340381529156034304 244086698958975 -18
4323491033548469760 4683708221188278396 16
4350512562052273664 45000674261280892 -14
4350512631310583296 45000604998793340 -8
4350512631245451264 45000605063909244 0
4350512631312035840 45000604997324414 -2
132896021005864448 18313848049469829182 -16
141973451565829632 18304770070227791934 -10
141973554577801216 18304769966142078782 14
123923937269255168 18322819583450624575 -16
2162876029443647612 2321864774487217667 -12
2162884980189046908 34027213037606403 -10
2175305063536404604 4155681134188035 10
2176430963443239036 2466831273948675 30
2176430963443247104 2466831273924351 -12
70044289202718972 18303796653091780353 18
4331599685491293696 4620711948791120252 -30
4339489746572475904 145251057358406012 -26
4340554004840250880 36100408033739132 -26
4340518613500214784 18121400864293244 4
4340622295088692736 284795743043964 -30
1104563209598 4340624511291816448 30
4340624511291554816 1104563471229 4
288853177874480176 8664021406361354765 2
2305900653336165424 2179403100548137485 20
2594661002716085296 1764541961601843725 0
2594131020931628080 1747339019853529613 -16
2594696182776233008 1746492383032214285 -14
2594695911131257856 1746492654677189245 2
2594696187088173104 1746492378720273935 -18
8904483711781948 8962265974010245120 16
34305401336663100 4469294226033831936 2
35152025290050620 4396390008042516480 -11
35926081476004924 4359587154837598208 0
35996450220179516 4323487989074460160 -8
35996450219657276 4323487989074981890 4
4475713761891254652 4620713060466982400 14
4484668046879949180 36101554069863936 24
4484632655406236028 18122547034095104 22
4484734155285528956 569598598741504 42
2425169351001993 4500892983042779152 30
2425160626849673 4500611516790220816 42
2427376962094985 4500327825478268944 26
2427376964175753 4500327825476184144 28
2422961670439809 4500332240769920028 28
2427239256146313 4500327963184213522 34
8952416523243175228 9241563021380190208 -6
8969296225752792380 145426470091653120 -11
8970424324682890556 746133039120384 -19
8970430921482124604 176586286481408 -14
8970430921618046268 176586150543872 -14
8969046588477673985 181423427253120380 18
8935265158866145793 71652618742214012 40
8970172488382419457 36182339272535420 40
8970172488384516097 36182339270422398 -2
1080944571678591 16174723017027878912 4
4630216212531871615 2466330900288765952 12
4630213979148877695 2394275539633831936 12
4612555856766533503 2375904864997212160 26
4630781361506434943 2321650563238346880 6
4468726740894298424 70057258564996228 6
4481144685347942712 40187865555291268 -6
4482270593844719928 38780482081803396 2
4482272792867844408 38496808081968772 -8
4482272792867967232 38496808081845500 16
8951139753304655422 145287069053581568 -12
8952124915723142718 36215515578202368 0
8952195284467320382 18130748324542720 -4
8952261220536813118 613363698989312 -24
8952263437008373310 329672250718464 -8
8952265653203109438 45981079304448 -20
8952265653211497534 45981070883585 -18
18325261715934752382 49139977323565184 10
18326387615808040574 47451131791822976 18
18326387615808040574 47451127513632896 20
18326387615841460350 47451127463436160 36
18326387615841594368 47451127463301887 10
4467897519171897344 4683416923636511806 36
4494989751934584832 44638672446436926 28
4494989760558073856 44638663822947646 44
2745294455581820 13724226369769639936 4
2021204551470951548 11633709518716342272 -8
2021978607656905852 11596906665511424000 -10
2022048907140541564 11560807569008857088 -2
2022048976396881020 11560807499752501248 -10
2022048907547123836 11560807568602242560 -8
2022048976401082492 11560807499748283394 -2
8972468555331181596 34449224433074976 34
8981546122250066972 7357259004724000 21
8981546122791125020 7357258463657760 6
8981546123330099200 7357257924675390 22
18328570981904825404 82143745029898240 0
18311123931395275836 63561998520483840 10
18329138328556289084 9518804340523008 26
18329138329769483324 9518803127312448 17
18329138192196843580 9518940699952130 14
4638809151104892928 13591199190537451704 10
105828001538148 13616809120329866392 18
581070179932332128 11882923263792225438 22
9185161963720678420 9260737685058723904 12
9185161963720674324 9260737685058727968 4
9185161963720679444 9260737685058722824 6
9185161963720685588 9260737685058716674 20
4332184820984054910 4620971233933522944 46
4339500971355276414 146084253210769408 45
4340629070285374590 72898560242743296 6
4341192020238794878 278016251395584 38
301395291864064 18337792233600712956 -20
9306386865777664 18310773943028945148 -22
9306266640512000 18310772968037550332 -4
9308577332263936 18310770653050896636 -18
9308525692648448 18310770704690447100 -22
283768678841344 18319795461704253948 -12
9308594546079744 18310770635837015294 -22
8141878045212804 8944451231213911160 6
4051239578167705732 433782700739886200 4
4052303836972351620 324632050878348408 8
4052268446710268036 306653042630950008 38
4052369910747136132 289100130038021240 0
4052374343423918208 288532747407817854 40
8952038036614939710 9241660033031731200 20
8968961788443362366 145479432424388608 24
8970081048060232766 807934685083648 22
8970084389815321662 523117953284096 -2
8970087688350203966 238344441691648 24
13510816867811582 13712616422427278336 20
4538870838853886 9109902350028848128 28
35271211483390 4538748728247794688 44
9088291673826988094 26571759505796608 8
9089420872268714046 25161086087360000 30
9089421971771953214 24878511607442944 14
9089421971763499070 24878511615864576 38
42940041994142144 4352291719342750256 46
2611035994419309692 11043596600791306240 -17
296150326700878972 8746796250082349056 -2
2339729301242326140 2235646445189369856 -28
2594112174005628028 1873177181369176064 -8
2629085577300872316 1802174981054984192 -12
2629083369519521916 1802177188836318720 -8
2629085577233640572 1802174981122199808 -22
2629085577300355196 1802174981055484930 -10
4359731420057338108 4629170861685832704 40
4359643493553963260 35587168271301632 40
1206637977020678208 11547556167692532924 -20
1215627549729636416 6926880576556186812 -4
63847372552159296 4043435487609699516 -30
1220689735623655488 2598362748386491580 0
1222961326646640704 2451975969287650492 -2
1224084992902053952 2378794708994309308 -24
1224652375525949504 2306169732332518588 -22
761793952954493 4520570752655296002 22
796909471086717 4502521238627681794 20
269212743710845 4485316011822286338 22
832093436590205 4484471656152729090 44
832162697117821 4484471586892185090 14
832162697132033 4484471586892154622 18
44084485197312 4520725516464648254 48
44084489388032 4520725516460441406 48
44084489358848 4520725516460470462 22
74368060913837884 4510014884772583424 14
2093634359463995196 2355640597401311232 -4
2089728894162134844 2350820338425141248 -12
2093669474575517500 2346598283035080704 14
2093669267880216380 2346598489730349120 36
2093669543835951420 2346598213774614018 14
9277671388410216191 4340368347414659328 64
4331378809199657216 4674974908197830399 -40
4357292099243081984 181490787802873599 -52
4323510703991292160 71719944932228863 -22
4358415782812582144 36533391134228223 -58
4358411402080157952 36257396401569535 -60
4358417981869392128 36249725690642175 -62
4358417999116370176 36249704148696831 -63
4358417998915043584 36249700071833343 -64
4358417981936500736 36249717033664511 -64
13889615400232405244 3470072313420592640 38
13898604938313189628 1159743365753484800 36
13898655584835979516 1155752069556745728 34
8935194803556056124 71721876696596608 -6
8962427640696798268 8461342048518272 -26
8962427644991634492 8460238242054784 -2
8962427644991568956 8460238242120064 -2
8962427627676621884 8460255557066944 -6
8962427644991240252 8460238242448514 -6
4327093860833467392 4620714173821575933 -34
4334983887554911232 145253316748600061 -22
4335906856691047424 36243956555571965 -44
4336012754482666496 18123660254470909 -44
4336092195275709440 4533420579316477 -50
4336114254227741696 570711953335037 -52
4336118652274251776 3363953403647 -36
1161372535950952448 17068917278512231548 -28
1186773444985899008 12575945539125752956 -12
1187897119831246848 12502764270242477180 -16
1152996456370554880 12465888814641951868 -12
1188464502455158784 12430139295728120956 -14
1188464502455142400 12430139293589042300 14
1188464502459336704 12430139293576459516 -20
13519750401434175 18180178319245188096 24
44204745105983 9006310625065704448 32
31569401866158655 8938756630925704192 27
31569402136633407 8938756630655213312 12
31569402136691263 8938756630655155264 29
6755418366816636 9126262047140417027 16
7892322013557628 9053067549455748099 12
11022665659260 8989172729742429187 -20
7890114400367484 8981013262542638083 10
7327147233522556 8981575134492822531 4
8455263343358844 8980447014104796163 -6
8455271966966652 8980447005464427523 18
8455271966978816 8980447005464399103 -6
13891590377444462592 4482533139338505468 14
14177564521107804160 4053006757552729340 0
14178690455575183360 4051317881721863420 0
14179817455061291008 4050190877940788476 0
14180946653435645952 4049061675305020668 -2
14180946653502885888 4049061675221003516 -4
14180946653502754816 4049061675204357884 2
14180929026889994240 4049079301817118204 2
9082806900317487624 67944592545889332 16
9079495308733579784 35790337064254516 20
9082877406496424456 31845289348021300 18
9082806761798500872 31915934045928500 28
9082877406500618248 31845289343794996 6
9082877406500618248 31845289343794742 12
9082877406366138376 31845289478274613 36
3683915778126233728 4620721934744960060 24
3689562904206229632 579849542540999740 28
3691810305973403776 289371764622113852 14
3692870097743626368 36110393719143484 24
3692834774858842240 18131318094445628 28
3692940603926626432 11090517179964 34
3692940603926626432 11090517179708 30
3692940603926741120 11090517064828 14
2356520885385216 13741785112607491326 -18
38456238560245760 4500327756587336958 -2
38522174898173952 4482810371693348094 -4
38524391101298688 4482526680513512702 -8
38524141959376896 4482245458973691134 -12
36270400753498112 4484499195901379838 -16
38526607304161280 4482242989333939966 -12
38508980691400704 4482260615946700286 -10
2356520885385216 13741785112607491326 -18
38456238560245760 4500327756587336958 -2
38522174898173952 4482810371693348094 -4
38524391101298688 4482526680513512702 -8
38524141959376896 4482245458973691134 -12
36270400753498112 4484499195901379838 -16
38526607304161280 4482242989333939966 -12
38508980691400704 4482260615946700286 -10
17092852032409344 4575734342955315262 28
17092577154502400 4557720219323740222 28
6776389001246784 4478527364883023038 -10
2024386805860104256 2317083234925020350 6
2024389022059003968 2316799543749442750 -2
2024386814416091200 2316801751392323262 10
2024389022063097920 2316799543745316286 10
33855248676885796 18339986806064556056 -10
87047564629284 18230202769054378008 -16
34987745653495076 18195020595988801560 -18
34989944676749604 18194736921988836888 -18
34989944676750596 18194736921988835448 -12
34919438224658720 18194807428440927262 14
18215086562751344880 15202154356017164 47
18215086571341279472 15202141471180812 46
206449546043136 4449068507319246909 -8
241633918131968 4431018924437676093 -16
273515443527168 4413254119379509565 -22
276818286026496 4412969341560332349 -4
274610642819328 4412971549203506751 22
13722922395894014 17891744771099064320 28
35512034263294 8718088941624883200 52
18393314780036464640 53429293673037568 38
18393314814463442944 53429259246059012 32
7910858426842624 4558668792826757502 -20
11898173423104 4557560553825436030 -28
7884125472439808 4540751496015855998 -16
3406501807283712 4545158753084318078 -28
5676580999675392 4542888671752831358 -14
7946111514181632 4540619141229969278 6
7946111516294656 4540619141227823614 -32
7946111518145536 4540619141225972607 -34
2394155506900926269 4629771061936783362 18
2407719288499601213 1157442766517567490 2
2409971019593809725 290499906968223746 12
2412170042849361725 36099304579923970 32
2412233909013053245 569591350689794 16
2412240549032476477 1377845378 2
2412240549028282113 1382039678 30
27629877527583 4503149785027853088 40
132148024312863 4485312343348296480 40
1310452417567 4485302443431836448 28
872829670270172480 8079479764988985534 10
2323006342469516608 2161732262438109374 18
3187485675341446464 1189166538509287614 0
3187697470924520768 1152925945907249854 24
2695916531170111 4500340760877466624 46
461570390833983 4484560708516709376 42
2731066272973631 4482291212626197504 30
2731100903250751 4482291177995904064 48
8935141665268595774 162129581969441281 22
8936267560880471102 16888498298487297 14
8936267565175406654 16888493986807297 10
8936267564904889406 16888494257291905 14
8936267565175413760 16888493986767487 18
324339424079803906 8663860269733185853 2
2341952057141786114 2178676806319671613 -4
2630111789671413250 1746542623202543933 -12
2630182433289274882 1746331242096359741 -10
2630182398663210498 1746331276722391485 -16
2630182433293489666 1746331242092112253 -6
4512260123921487872 4620758445409117310 22
4520699940548122624 72690204393022590 18
4521196954432051200 18149994980648062 22
4473459659204139776 4622967163154080894 9
4482396489714703104 38373111235093630 19
4468956059576769280 33799142863545470 9
4481338750905161984 3965002979092094 16
4482464659435625216 2557619471918206 -14
4482466858454686464 2273945476179070 18
4482466858456783616 2273945474065534 14
9223441697147928380 9006285169517658112 -1
9241449455637970748 4377154342553649152 32
9241453896634154812 4376868426580754432 10
9241456095657402172 4376584752580796480 32
9241456095657277756 4376584752580920834 34
54002129851158528 13781054821624196222 -22
44942222757761024 9178428710290205822 -11
71205148841775104 4540480865290431614 -10
70923656718487552 4540761262197058686 -14
71486623784669184 4540198290836040830 -4
67539368518389760 4544145546102254718 -22
72051781445914624 4539633133174680702 0
72051781451943936 4539633133168635518 -2
4331388027212811776 4656882035344388222 -34
4339278088293993984 181421143911673982 -32
4340406212960209920 36740781123023486 -14
4340410636675993088 36454882430529662 -44
4340344269897600512 36310142976389246 14
4340412853013200896 36171191116611454 -24
36171191118590206 4340412853011222016 44
138279526014 4394668673103912960 18
70781901471870 4376583630972485376 44
70781901610110 4376583630972346881 24
36295857871719424 4557094287061037693 -24
36828021499563008 4502518927904748157 -20
36298056894974976 4485315968976564861 2
36845475168717824 4484487075734499965 -12
36863205330586624 4484469345564275325 -16
36863201559710720 4484469349335118717 -16
36863205871650816 4484469345023178367 -10
8448759387270722 8944707299825225785 2
15767108781747778 4469818120079216697 2
16888576013905474 4396639058809131065 -28
4510085951042 4359479929208639545 8
17455958642003522 4324014082143121465 -8
17455924215029826 4324014116570079033 -22
17455958642011650 4324014082143097081 -28
17455958640959552 4324014082144149055 -8
28221599872140412 17913274890641782784 -32
8102058627933619324 9551207486428592128 -42
8104301631654282364 9404849294632073216 -26
8070531231518770300 9295067456645150720 -18
8105434111451022460 9259883101736187904 -28
8105436327620198524 9259599410590301696 -14
8105436327654016124 9259599410556483840 -26
9259599410556369024 8105436327654130812 42
8105436327653621884 9259599410556877826 -28
4329694530466381312 4623461528746131772 -16
4337001816025103872 148583412835877180 -10
4338138779767700992 75388855055352124 -30
4325190930839010816 34293508455596348 -10
4338701729716895744 2768311068262204 4
4338701695090834944 2768345694290364 -30
4338701728643161600 2768312141963644 4
4338701729687435264 2768311097689918 -20
8946425970098116352 149789746027620604 -26
8938544670750217984 31570255809145084 -24
8944167573214664448 8495904788637948 -12
8947549653801834240 4832349224757500 -30
8947551870004826368 4548658045054718 -20
8947551870004696320 4548658045184765 -28
16277066655399992 13710131647616417284 9
7216883740377144 9107505812104052228 26
479215002255416 4538586259433750020 26
34324510743789624 4469275116626673156 16
34326649130123320 4468710028286950916 8
34326718323425336 4468709959093616388 6
34326718390665216 4468709959026376316 2
2206644750341701889 2405041268085652484 38
39686508005116 8718084767151110144 18
18124729713297148 4088313705518462976 13
18124695286333692 4088313739945393920 26
18124729713180924 4088313705518546434 34
192821994652409 4376461041123523588 4
192546038809337 4358446918569884676 10
258758062047993 4340929257990585348 -6
259874888811257 4340646666187111428 6
192543893422841 4340433071961603076 -8
263156311785721 4340361909787426564 0
4484472523564523644 9242216566172392960 32
4475500508681871484 4639502562627657216 32
4467619209333973116 71726640567131648 36
4502522106446086268 794946436070912 32
9259543305014868224 305257878589933310 30
332403139208414974 4620712025968998656 -24
327873031009339134 2319399124954380544 -34
334650575335327486 1159700076021545216 -22
338039235677652734 579850663375796480 -30
340293269009073918 145251065816807680 -18
341322135941023486 18121409318484224 -10
341421333308901118 570763394545920 -24
341425748670547710 284873056188672 -32
1181875567361 341427964874458366 30
40681551731604604 9109788466155094016 14
40782706801359996 9092235862529277952 2
40787103769934972 9091668515607298048 18
40787104713391228 9091668514663825920 -6
40787104780631164 9091668514596585728 14
12385947689418879 18398118221682253568 -31
3378748434677887 9219782181101182720 -16
12385122517778559 9174887747487473408 -12
3378610995724415 9183823890265349888 -14
30400208220979327 9156731925369659136 -26
30400276938621055 9156731855582469888 -22
30400346196803711 9156731786320109312 -24
30400190905843839 9156731941611060992 -20
70307093443325980 18303816436274826752 -12
9006572455029977116 9223998836565741056 -12
8970404567630032924 9259603774012296704 -18
9006574654053220380 9223433687589092864 -4
9006574654053224476 9223433687589072448 -4
9006574654051123228 9223433687591173664 0
4575900182623845404 17771437294026784 10
4576464232084700188 16925912856494112 25
4576464232087837724 16925912853323872 16
4576464232088893440 16925912852268094 36
9223433714098977854 9006293152566640640 21
9223434230306651198 9006292636358950912 4
9223434265981172798 9006292600684413440 32
9223434266014661694 9006292600650924288 10
9223434265879583806 9006292600786001984 10
8935309717485553920 71608062278710332 24
8935309441529710848 35579541215605820 30
8935380086229600512 35508896515700284 32
8935380086229731328 35508896515568957 18
4475468923695018559 4656986691387198720 12
4484487109543211583 36845437065039104 40
4484491533225308735 36559538406231296 34
4484493689433109055 36275911516687616 10
4484493749560541759 36275847094304000 30
4484493749562643007 36275847092186432 18
15806958094142592 18195905510061977724 -12
185373912091776 18193512695734546556 23
16018616229956736 18159665054907232380 -12
16018616196284544 18159665054940872316 24
16018616229842048 18159665054907314556 10
16018615961012352 18159665055176143998 18
2165673386140255358 6931316386171402240 28
2161732736466306174 4629695501608368128 38
2170176916507067518 4620969846590928896 24
2170176985767624830 4620969777330339328 19
72362262779951743 18337649313567081472 14
85868663615552127 18306128522811933696 16
88124861475717759 18303872316361866240 14
88124861475747967 18303872316361803520 16
8944290433028628604 44894423202864128 8
8935283096334934140 35887361387076608 36
8944360939211751548 8795120000793600 8
181844044860096550 4411827022072348441 0
181843839239585830 4411687039960317721 -14
181914414137999398 4411615917453573913 -8
181914551037984806 4411615779479846681 -8
181914689012236326 4411615640440241945 -12
181914689020100614 4411615640423989113 -12
16204395316626785596 1737382648863815680 46
16208934100626243900 1156383112560934400 48
16208933962918330684 1156383250268847106 49
79100211718993214 9090228629598898176 18
72344812277937470 4503312409122048000 25
88102978296939838 4469539844593580032 38
88107410973602110 4469535411916901888 24
88107410973726014 4469535411916777536 18
18410256138077077504 36487935628222213 38
18410397426931859456 36346646769245957 40
4627470710502465024 13746933181745520894 -16
4628592178003058176 13673754120206999806 -22
4611708111806668288 13618862067342172414 -38
4628596610409307648 13601693193274450174 -24
4626903362435423744 13603385350326640894 -34
4629159560295224320 13601129143910460158 -28
4629159560362596864 13601129143826310398 -32
4629159560362335232 13601129143809860350 -28
4629159560362721280 13601129143809409022 -30
4629159560362466304 13601129143809663743 -34
18429007545768083456 17736527941286940 51
2017612711076298753 76561115650981694 18
2017612711076314625 76561115650933182 18
2017612711076306433 76561115650941310 24
7287520018385280 8945305589240706620 13
16241839433927040 4360694048416740924 46
514493964175744 4358406995377010236 30
16310146862762368 4325159893922362940 20
16312276625459584 4324594814206277180 32
4367624826902248736 4621278554352517150 16
4375514922343169312 145817628560064542 -2
4359655566624128288 35576194712731678 12
4376647419319778592 851418484310046 -16
4376647410561678624 569952265699870 16
4376649618340920608 567744486457502 -16
4376649618343009536 567744484368510 -16
2750666133223128576 9350506065521344828 -32
2759690924663913984 4729795255653171516 -12
2757381941655649792 1273339724840894780 -40
2332992452156603904 1121268462036517180 -34
2738263367183908352 144040394333159740 -22
2768715716100505088 109084445789225276 -28
2768715716102586368 109084445787127612 -16
2768715716103642624 109084445786055036 -28
2768715707481077760 109084454408619838 -18
2768715716104436736 109084445785260861 -39
509202651932622141 4048299431330447872 28
509198219256085821 4048303864006983808 16
509202651932859709 4048299431330209856 30
509202651932883261 4048299431330186242 20
369200567185138044 5917754143879863808 -9
373712980152508796 3607398721698799104 -8
86608486727770492 2165120958213266944 -4
378190139961205116 1315092951185890816 -10
369156208561578364 1306182852820213248 -10
377090627792339324 1298178064845307392 28
378225358422483324 1297043334215130752 -12
16561719353704192 13710127370366353471 -48
34043919875604224 4541330727027605567 -48
763936285818624 4538581913598427199 -24
34046153258598144 4469552374583394367 -20
34041746555043584 4469276405821866047 -26
32355095684348672 4470961957197710399 -36
34611302201588736 4468705750663758655 -48
34611302231080704 4468705750634233919 -32
34611302233161472 4468705750632120511 -48
4468705750631063679 34611302234218240 40
52309977647480832 13710127533643283580 -6
43250070688301056 9107501422175075452 16
70353032312979456 4469275392076430460 8
70359629378551808 4468705845057469564 7
70359628302712832 4468705846133292156 -4
70359629349060608 4468705845086928508 -4
70359629382615040 4468705845053373820 4
4332159341622697472 4620715242613137532 6
4340621183110061568 72624976736313468 -2
4341113626880351744 36103735947059324 8
4341113488363462144 18089475954466940 0
4341181916726140416 288124059017340 8
4341184133063344128 4432745103228 10
4341184133062957568 4432745489534 0
4335919634547163596 9245951677036281392 -24
4344962087027687884 4625223206128369200 -14
4352843386375586252 149771076428938800 -2
4326877182066639308 67650889680993840 -6
4350584946240340428 8477278441750064 -4
4353967069944037836 4813679761342000 -18
4353863458288255436 4776553928769072 4
4353933825946108364 4565450930044464 -12
4353969286282428864 4529988446240318 -4
8663808893371201596 9277687597142640131 -28
8678480845251721276 327873984559056387 4
8646955647860127804 71731755752359427 16
8681858540626819132 36265913032312323 14
8681858544968040508 36265908691041795 6
8681858544972118076 36265908686948099 -10
8681858544972216380 36265908686849667 -34
8681858544972240896 36265908686825087 4
4332162617728858112 4620993441483654462 -16
4340622285996324864 144962942864655678 8
4341116937144924160 36381900659164478 -14
4323630098326779904 35854340967826750 -2
4341187443596460032 282597188697406 -4
4341187443596228608 282597188896574 -2
4341187443591223296 282597193901438 -8
273506213337088 4557087841708877374 10
770519828830208 4520562031074420286 20
735060578834432 4502583091814934078 -2
277938619586560 4485307290241410622 20
840888570910720 4484462865313392190 6
81149917253287936 13573764152934022204 2
90192369599594496 8953035682160327740 0
72107464638021632 4395463365713476668 26
99190703500754944 4332351329831812156 6
99199560230453248 4332342473102081596 12
99198430603919360 4332343602728615228 12
99195136177537024 4332346897154997436 10
4331385691217082943 4657236215060956160 24
4339275717401655871 181775358524851200 20
4340375229566302783 54575056793830400 16
4340406084611357247 37092753192715264 16
4340410482655756863 36525405194910720 26
4340410482657867839 36525405192783616 8
4340410482656811583 36525405193839680 20
6908934785801856 8963417098006061180 29
7012564834672256 8945580544424419452 8
7014763316846208 8945296870965567612 -4
7014763857789056 8945296870424592252 -10
7014763723447424 8945296870558933629 4
4367792063967462175 4638844240815864832 34
4375673363315360543 163392111116434432 22
4359908565596308255 35604670713052160 42
105928373858757668 18340815699850563592 -32
96903539359508516 18349559059373233160 12
106493522801880100 18339969075930796040 -24
106493522294344740 18339969076438298632 -24
106493522835169316 18339969075897441800 -20
88408479624858660 18358054119107752008 -24
106493522831232036 18339969075901378584 -26
106493522566473760 18339969076166136846 -24
8676451838928895488 294437143803806204 -20
8676454029328662016 150319765328183804 -4
8677577704475999744 77138496142918140 -16
8650911695644147200 67775707955806716 0
8674202238138465792 8737843419234812 18
8678145086833565184 4513519751619068 -16
8678145086835668992 4513519745320958 -8
16204145732022762751 1449117079509598208 52
16204145732023287039 1449117079509008896 53
16204145731989994751 1449117079542300928 54
17877224374180575999 352499185360045056 40
17877224374180575999 352499185343333376 46
17877224374214129919 352499185309714176 42
9187152063392651264 9259592010266354750 32
9187152071915212800 9259591997482380350 32
9187152080572520448 9259591988808295486 26
9187152089095084032 9259591980269085758 24
9187152089162192896 9259591980201846334 32
4544708434599609406 4624338931749992448 46
4540204834972238910 35170911459457024 48
4553152683900929086 4490138997995520 38
4553715633854349374 3645714067865088 46
6807175963688511 8097701828466229440 -18
2332872403035438655 1736411335270514880 4
2337419983127920191 1443633379026321600 6
2339658502365855295 1154290383543517376 4
2339665177281904191 1153720758674047168 6
2339669566603206207 1153434894376034496 2
2339671782941589567 1153151203060940736 -20
42977399383459132 9107492618503223296 24
70065243801191740 4469281705611524096 -24
70067425509311804 4468998048926693376 16
70069641843508540 4468714357615818752 -8
70069641847701820 4468714357611593216 21
70069641847177532 4468714357612116994 10
1449255082373806336 5197776492648334910 20
291838774232611072 4049349791575836222 14
1170049497662880000 1009411247007729214 22
1458209505070414080 613164848543303230 28
1441320731589867776 612039223514367550 26
1458279873814575360 577065682780178110 18
1458279873809324288 577065682785429118 28
14363088419513408 18360323391252109312 -46
14921640326423616 18287707245307271168 -36
15488988191875136 18215082303403892224 -36
15488988259116096 18215082303336651008 -26
15488988326339648 18215082303269427328 -46
15488988326331456 18215082303269435424 -28
15488988326347840 18215082303269419024 -44
14358673125761088 18216212618470005764 -38
15488850618441792 18215082440977325058 -38
18328784025016410112 117678573716393016 46
18320902725668511744 53783754003074104 28
18329205685569789952 45199319125118008 46
18329346974968774656 45058029726104632 22
2165606846417813760 6931101450917133374 14
2170048735686639872 4656845349453577278 26
2162233544743796992 4629194693330877502 32
2170119242138190080 4620746045983095870 50
2170119241867657472 4620746046253595838 6
6371217545935932 8964517765199380608 -2
31772402503171132 4471545749890613376 -4
32900510056758332 4398360048299098240 -22
1726604474334268 4393505156862558336 0
31774610149915708 4327709829144723584 4
33463460010164284 4325739504307764864 -4
33463460009654332 4325739504308274306 2
4338478704536156160 9279702331434632766 -10
4347503495976941568 4658991521566459454 4
4355393591417862144 183530595774006846 0
4355395790441117696 39976158628316734 2
4356528012539820032 38421724064548414 -2
4356527874025023488 38281674846803518 -6
4356528287415613440 38280711700399806 -2
4356528287416670208 38280711699342974 -10
13751648117137505 13568260403102096926 10
4691706731372641 8965634326060473886 20
64996228538465 4394603815154884126 22
31799100829409377 4327403863488470558 32
31801299852656737 4326838714511818270 0
31801299852664833 4326838714511793918 10
64272258846259260 17877224231667631618 -8
67636781540014140 17585629332822164994 2
69901792740210748 17439249133546112514 -8
71029848720635964 17294568839443252738 2
71034272536950844 17294282940650227202 4
71036488198979644 17293999250011520514 10
71036488737962044 17293999249472505474 -6
52951445529499648 17312084292680967806 -6
16073817412679680 18304006516777027134 6
6917840246357964800 2196882449486448190 14
6933600646030505984 2163670601257846334 30
6933602845053747200 2163105452281200190 36
6933602845052704768 2163105452282226302 8
9169143882569810689 9277600191139683328 40
9187158281079292161 36213755775426050 54
18302628997340334080 144115076360775429 6
18302805744367437824 143938327194576645 4
18302805676188764160 143938395364894469 6
18302805469491365888 143938602062276357 10
18302805745447731200 143938326105898757 -2
18302805745415487488 143938326138138389 -4
18302805745448779776 143938326104846093 -4
6917529633553325300 11456309122653282304 -10
7205760009705037044 11024526508379136000 -34
7205759992525167860 11023965774628839424 -14
7206885909577924852 11022837658552827392 6
7206885909611748596 11022837658519003392 -22
7206885909609252084 11022837658521499656 -38
7206885909342918900 11022837658787832834 -20
71148172306546688 18375594801891327032 -2
71143782985236480 18375318815747554360 0
34980302221737984 18411481196999457848 0
53065345435435008 18393396153785744440 -4
2169645278753739776 4693629447126329471 -10
3396128363533312 4554035588302841983 -30
2161746387219796992 107856718742366335 -32
2178669795316618240 73059649624418431 -30
2178616880245789696 73042195951069311 -30
2178670070194508800 72918637258205311 -24
2178670070194524160 72918637258157695 -34
2178670070192411648 72918637260269823 -38
80791028438860036 8980451421830528536 34
3546889276193046788 1046782343724809752 24
3548580333698089220 900976098143927832 48
3548580333700186368 900976098141814302 49
8717894332714108 9151603747738824960 -44
4476218218232679548 108446202430435584 -22
4476253540312157308 90396481841475840 -26
4467791560846871676 89851262052020480 -40
4476288724143180924 72346899501003008 -26
4476288724413713532 72346899230454016 -32
4476288724683980924 72346898960170752 -44
4476288724684245116 72346898959906050 -28
16117909246915644 13818940146035195904 -28
43104322639049788 9180267714215673856 -18
70196289145353276 4541489729281998848 -24
70196289012708412 4541489729414629376 -34
70194081366094908 4541491937061241344 -28
69913710280062012 4541772308147273984 -26
70196289147442236 4541489729279893568 -22
70196289146925116 4541489729280410626 -16
18373834327894024224 72909745815487233 36
18373834293270028320 72909780431094657 14
18373834327900307488 72909745800815425 46
8944344107251996929 43994125026092606 28
8935301792210163969 35022041558443582 40
8944414604845193473 7897029437187646 26
13766791465044992 18378934086716031007 -54
161774250703227904 17978725048345100319 -44
144357917665561600 17978126982873284639 -44
161844619445308416 17942625882584072223 -38
161844618773171200 17942625883256201247 -46
161844619445832704 17942625882583535647 -44
16118184665895940 13818939870616223856 -31
43104322102170628 9180267714752561264 -10
70196564562236420 4541489453865140336 -14
70196564560139268 4541489453867212912 -31
70196564431688708 4541489453995657328 -28
70194356785075204 4541491661642269296 -32
69913985699042308 4541772032728301936 -30
70196564564317188 4541489453863026928 -32
70196563490587652 4541489454936756344 -20
70196564565905412 4541489453861438578 -24
17924521790802067772 16972500688600576 42
17924521790806269244 16972500684382784 22
17924521790806276412 16972500684375554 34
