8102382523171995647 9838267334798606336 56
12146362143825985536 4929596585689481215 -57
12141845332879212544 4647008920391385087 -48
12148609545593159680 4639681757724016639 -50
12148600732320268288 4639129820066742271 -54
4639114435493887999 12148613926459801600 58
352257217296510 18446391812180443264 -50
352274397165694 18446391790705606784 -52
354473319757950 18446389587504824448 -50
354456206080126 18446389604601790592 -36
354456172626046 18446389604635180160 -36
354473420159102 18446389587387646592 -30
354473353181310 18446389587454624128 -38
354473420421120 18446389587387384063 -48
2317203473736685568 9494612448949282687 -44
2308143256260581376 4891986647997998975 -16
2323919359478618112 1417446030959421311 -42
2332992495071287296 831912143063328639 -46
2332983733338003456 543690528644900735 -46
2308169611324971008 284777874133591935 -32
2335239862478723072 254329923259311999 -48
253190760495572991 2335253125335619584 46
79418714108755458 9089417546008297981 -26
4396101399117069826 179063241082077693 -24
146097700637966845 4411334016028409346 28
4411898357551234562 145392621626786301 -38
4411846129670962690 145374480762880509 -16
145251059517358077 4411899182172340226 38
8947729526829137945 40892379448950566 8
8938687074348351513 31920433420255014 16
8944422195852787737 8733863359758118 16
8947799860943028249 4793248316096422 0
8947799894495363097 4793214763761510 16
8980336719287589888 26581060476691261 24
8980345390574377216 26572389189838399 20
108545649990763265 8970148248834702396 48
126630417244422401 4340377463153655358 24
18445302308902059583 33277510631808 54
18445302307824115263 33278588576064 54
302533557420068 18446441540152131072 -18
19954690456612 18446724119019094272 -51
18446441540422254720 302533287296036 55
302533556771876 18446441540152778816 -36
302533288084516 18446441540421466128 -42
302533555217444 18446441540154333192 -48
302395849930788 18446441677859619842 -42
18374752721992681022 71988053165209600 10
18375249675310859838 71211823893575680 0
18375315663289058878 71144736403748864 10
18375311264269469246 71148035928487936 12
18375315671946100798 71143628235079424 26
18375280418720056382 71178881461123585 0
