1596236554643736 4591512433409791527 -12
1631420926732568 4573462850528220711 -22
538506368723224 4557104316530169383 -20
1666605294627096 4555413267650876967 -8
1666605298813208 4555413267646674471 -12
18320687626665229950 53714070871310464 -16
18328560146965757566 45280799640617088 -8
18328573238093184638 45265518079869056 -8
18328573358218051198 45265389398622336 -14
18328573323992367230 45265423590752128 10
45265389163741439 18328573358419377664 32
2558757287968896 9112163938556492924 16
2591742636802176 9094679504651598972 34
2593941491892352 9094114355843087996 26
2593941659926656 9094114355675053436 24
36245309860100114 9115069132956698373 4
44691775360350226 9106341192479770373 6
44621130664509458 9106411837175594757 8
44691775363487762 9106341192476600133 6
44691775361910802 9106341192478177061 12
44691775364018194 9106341192476069645 -4
4612846016130514945 12745434322638929918 -60
4620722917431902209 11872866292882407422 -54
4620718519385391105 11728755502853062654 -42
4612819627851448321 11597042805938520062 -52
4621826827106189313 11585783806870093822 -54
4621846609692000257 11584075174424018942 -48
4621849912538562561 11583790396600745982 -32
14718218380605440 18431743276545507582 -38
13590102270638080 18361095273594257662 -16
14716019357349888 18359688981042462974 -32
14153069370109952 18360250835813042430 -29
15281168299685888 18359122732588630270 -36
15281168333209600 18359122732554976510 -34
15281168333764608 18359122732554420990 -30
15281168333961216 18359122732554224126 -22
9088292281496443649 26571151836324990 42
14595520839810238 13712375039578865728 -22
5535579386674366 9109748962604613696 -8
32082222487436478 4543573895114391616 -22
1049606305086654 4538577714277777472 -10
32080023464180926 4471519599611347008 8
32642973417602238 4470955554441265216 -22
32645172406910142 4470953351156990528 14
32645172440661182 4470953351123239232 -18
32645172440857728 4470953351123042431 -18
9077981490978046 13572934069728305408 2
35390631976190 8970290642159919360 36
35529144671486 4394633282238800128 25
27127633091756286 4331512381272751872 36
4557293453112901694 9241454328017682177 -22
4548250794608164926 4638810968095031041 -12
4575131929761939518 36272611532832513 -24
4575340836971216958 316382281301761 -16
4575343035994472448 32708281335679 -24
