4548079421942928935 13862635854747609368 22
4557104247810692615 9241925010452457848 22
18320687626698620928 53714070871474175 -24
18328560112639410176 45280834000519167 -24
18328573306812497920 45265449394110463 -32
14857438176656764 18395294888560509056 -10
9093902628811324796 9280220900906877056 -12
9092988387048734076 9245669295603925120 -12
9094114286955430268 9243980445743808128 -8
9094114286955051264 9243980445744186622 -7
9094114286955576444 9243980445743661441 -16
27119735171415821 18419342863561392146 8
9106376583409270541 9268028421285642258 10
9106376583950319373 9268028420744560786 4
9106376583950327565 9268028420744552530 12
9106376583882673933 9268028420812206130 8
18221815867567964158 145270787732471809 60
18222937369428295678 2285897609969665 60
18432020362048864510 14723711660554240 39
18432009332505739518 14733641692182528 38
71004547018531966 18375317314225904385 -34
18302976046188010241 71569695995208830 40
18356946949364849409 17458055330014334 42
71571894477399166 18302692372729142017 -40
53486851806856318 18320777415399668481 -12
18302692372188044287 71571895018464256 38
13694356234348527680 4644301448304131262 22
13694356234348527680 68644226895707326 22
18192421877445779712 181420177295711486 2
18158647105304076544 71642711314980094 -2
18193554426367787264 36453915274558718 -2
18193556642706055424 36170223959580414 -2
9223439377672011647 9186994424033443840 26
9223439377672011647 4611337202625019904 36
9241453776173367167 4557294007113089024 24
9241453776177299327 4557294007100801024 30
9241453776179380095 4557294007098687616 30
