13835402599105497368 4611341474604054055 -4
13835543853879470360 4611200219830048423 -20
13835543595238754584 4611200478470764135 -22
45279725865402367 18328843803852800000 32
9227619643868397953 9147066835803225724 16
9259584171510886642 9115102308160704269 18
9268028420812177650 9106376583882735373 -4
3405191823556609 18438553807281913854 -44
18230288712795095038 144116291899817985 60
147519276075974657 18222663603968278526 -44
14739130558775296 18432004943150776062 -38
14740234382082048 18432003839327469054 -34
72624951737853054 18374119121971682049 -42
72624950662005886 18374119123047512833 -28
18374119121967455231 72624951742047232 38
40965078194453694 18405778995515097664 -22
40684706974203070 18406059366735348032 -18
18405776787867959423 40967285841591424 14
69951671156669694 18376792402552881408 2
71642719905709310 18230986165727986432 12
9151526377961160704 9295217695748358015 -24
9186853134108852224 9259609464623988607 -22
