9224968342128896280 4609526763199796775 -12
9241925010452457752 4557104247810692647 -22
9243053109378361624 4555413198931400231 -6
9243053109382547736 4555413198927197735 -12
45265423523643391 18328573324093030400 32
9225966047234310272 9148157482483891324 16
9243978246720536704 9094679435932122236 34
9243980445710106752 9094114286989131388 36
9243980445743661184 9094114286955576700 16
9277669214652739602 9097017265018834701 4
9286113463949864978 9088291540745031437 2
9268028420744544274 9106376583950335757 -4
9286113463951949826 9088291540742913853 -4
29699749773313 18222941767474806782 -60
8646936586254614529 9431919692894109694 -38
8648044893975412737 9291199796724826110 -52
8648044893975412737 9288947996911140862 -54
8648064676561223681 9287239364465065982 -48
8648067979407785985 9286954586641793022 -36
14716015079159808 18432026959118631166 -38
14716023669094400 18431746575063613694 -36
14716023634753536 18431745475586457854 -36
14718231281467392 18431743267939613950 -34
14718231282022400 18431743267939058430 -30
18302692372188044033 71571895018464382 42
14601031367261374 13712370632858009664 -22
14565915714649278 9100719730083233856 0
4543573920799785024 32083300608638142 22
1055116832537790 4538573307556921408 -6
32085525367749822 4471514102002745920 44
4470948944402186367 32650682968308864 14
36170223959448830 18193556642706186496 2
63262466419228926 13554778381819019008 16
4557294007096573952 9241453776181493631 -24
4548251347518095360 4638810417332584319 -2
4575273221233967104 36131322208288639 -14
4575341390954889216 315830445113215 -14
4575343588904402944 32157527277439 -16
