13294766837486059520 4935239305133031423 -24
13301531033020137472 4927912159645532159 -58
13301522236927115264 4927360204808388607 -48
70782206113918 18446673291503435904 -46
18446390712736742528 353360972742782 52
353361006721150 18446390712702763648 -42
353360973428862 18446390712736055680 -44
18446390712668815615 353361040668672 52
1408447679337310079 7233960005586671616 48
262272778078496639 4344909640721520640 48
1406187083430602623 2629038182693361664 51
146097698490483197 4447573921427389954 38
40680481057078950 9038013417768419609 2
40751124678090374 9019928375637926265 0
6831679939307071 18367573324755605760 -20
7955389412828735 18294392021244156160 -20
75189576558143 18230496102019209472 -10
8522737412744767 18221767079206312320 -20
8522737412736575 18221767079206320448 -20
13554759651478085120 4747306284202156415 -24
13580664110531878400 253830994796831103 -6
13546889338352311296 144053528853963647 0
18445583800098332479 34360819474496 54
18445585741423550271 31328572563520 54
18446441540423577840 302533285973004 55
70052981554150015 18376408517667062784 10
70052981554149503 18376408517650286336 2
33882895133129343 18412578604071306368 0
