4638831830907158527 12148613943673290752 58
88391606499454 18446370895689711744 -52
92824012748926 18374590344222244992 -43
88408786368638 18374315483495170176 -38
92824012748926 18374309968757162112 -43
651324380051582 18373750377468166272 -44
655773865506942 18373745919409553536 -45
655756751829118 18373745936506519680 -38
651358671863934 18373750334586420352 -43
655773965908094 18373745919292375680 -30
638147353147518 18373763545905136000 -42
18373745919292113151 655773966170112 48
108510414817042812 2335818282938293760 48
145251059370098940 4411899182319566336 38
8947729526424371224 40892379853700388 8
8938687074078064664 31920433690524964 4
8944422195448021016 8733863764507940 26
8947799894090612760 4793215168511268 4
8947799895168286744 4793214090821412 0
4359634692745371136 35597068591456316 24
4359696243870440448 17521118956970556 34
4359705061489410048 17512301337935676 42
4359705052865928192 17512309961417278 46
4359705061355068416 17512301472277053 20
36208788623006976 8970146041187819580 38
54291356853411072 4340658929506738236 24
54293555876659456 4340375255506779708 42
54293555876141312 4340375255507297342 38
17901464812288 18445878435878011966 -48
26680445336320 18445306706944066622 -54
309346138880 18444772327113098302 -52
26663164672256 18444743782861243966 -12
31112817767168 18444739328913181758 -54
31112750791424 18444739324701967422 -48
31112847360768 18444739324588653630 -48
31112849472256 18444739324586509502 -54
31112846318336 18444739324589663358 -37
18444739324584658495 31112851323136 54
9419959927012388 18346689171281707008 -55
4611992950031744036 4538758542831681536 -8
4621099372694699044 4512200671612665856 -10
4621105978353975332 4511631115999968768 24
4621105978287160356 4511631116066783488 6
4621105978083851300 4511631116270092416 -14
4621105978353327140 4511631116000616512 20
4621105978084639780 4511631116269303824 0
4621105977278030884 4511631117075912712 -12
4621035471902308388 4511701622451635202 6
18302831989209957950 71569712638294016 28
18303816599716759102 70022152178104320 0
18303957889116799038 69880862778031872 26
18303922635890754622 69916116004076033 22
41028030278711312 18188980311363618052 -8
49753754556741648 13640626162696127748 -10
50033021886707728 13568852251281655044 0
50035229533437968 13568287093681519876 18
13865143114414096 13604457180100527492 -4
50035229532395536 13568287093682545988 -4
50035229532915728 13568287093682025764 4
50035229532921872 13568287093682019596 0
76822661038326016 9092224705311292452 30
77315242247569664 8983645733045156900 10
77279782997573888 8965666793785670692 10
76822661038326016 8948390992212147236 10
77385610991616256 8947546567282146852 16
77385610987536640 8947546567286226020 32
65393621751440448 18309011382943356984 -2
65398037212570688 18308444017528870968 2
65398054426117184 18308444000315275320 -8
65398054426124352 18308444000315252280 0
65398054425994304 18308444000315382072 -6
65398054426125312 18308444000315250936 -8
65398054426124352 18308444000315251772 -8
65398054426124352 18308444000315251770 -4
131127035576448 11587912189165420415 -30
122330942554240 10434999480651595647 -32
104463878602880 9858556595412123519 -32
4520377453658240 9286687128788385663 -26
4612727840456832 9279839378960531327 -28
4628129593180288 9278698077300965247 -28
4636917096267904 9278126339844456319 -36
4640224221085824 9277841557742927743 -30
476457587801212 4521137018527940736 12
476181636152444 4485109047216439424 14
546825254042748 4485037853851123840 16
546757071436924 4485037922025373824 6
546826331977728 4485037852764800254 2
17185308420375844872 1261435653316887568 42
17185308420377935880 1261435653314788368 38
17185308420377413640 1261435653315302448 48
17185308420377939968 1261435653314776092 38
17875043050787192445 300638421326692608 -4
17877290401014759037 154275883023270144 2
17870539468339691133 17474577575903488 -2
17878411962971078269 9041332014350592 4
17878425165729906301 9025930232299776 26
17878425165463552125 9025930498637568 32
17878425165734100093 9025930228073218 -18
4473803172438623422 4659215392580253696 10
4469264388439164094 70082556661807104 10
4481121521833100478 40492499735099392 32
4482810371693348030 38522174898173952 30
4482810371693363390 38522174898126336 16
4482810371693348030 38522174898141248 10
9016237360884771964 152809453561516288 10
9007793111583452284 35152913296462080 16
9016237360884771964 8975740462371072 30
9016800310838168700 8131315532296448 32
9016800310837928060 8131315532504832 10
9016800310838192252 8131315532240130 10
4323480034757583998 179275167682762752 19
4323486623237416062 35716341080496128 16
4324612514554324094 34308974786877440 25
4324614730757440638 34025283607066624 24
4324614730757447806 34025283607043584 8
4471633363046137404 4625497146753875968 3
4480570193556700732 40903094834888704 -6
4471562719424052796 31896170458054656 -14
4480534184550891068 5051044310089728 -14
4480640562300747324 4803929071878400 -18
4480640562300853820 4803929071771712 -22
4480640562300877372 4803929071748098 0
9259603958594330688 9114799946588887216 34
9259603954299363392 9114798851372226736 32
72062113559099392 4485580709339792700 22
72625063508326400 4484736284413887804 42
72625062432473088 4484736285489724732 52
72624994658564096 4484736353263617852 42
72625046197377024 4484736301724804476 4
4469025574564921468 4645697121262697472 20
4469025574564921468 70039899854273536 10
4485911874144305276 17687753209347072 18
233976478566400 13726456212769944892 20
229544072316928 13654403051138266428 28
726557687810048 13617877240503809340 12
233976478566400 13582622499670799676 20
796925890922496 13581778075281765692 26
726281729869824 13581848719442801980 28
796926431725568 13581778074740930364 12
2310523564524748160 4639093610461347967 32
2306019895909465472 1184832765256089727 34
2306019827458424192 34163128913969279 32
2319548355965387136 18382800593321599 12
1986925340213759 4555443964536569344 16
1986925342294527 4555443963460779520 20
37482902457856 8970851499842809918 12
37482902457856 4395194278434385982 12
18049665073548800 4341434774221041726 25
18051881411805184 4341151082906074942 34
8646988728449369102 9727696651693766688 10
8648108022696510478 9582463268882397216 8
8648119017812788238 9582451174271268896 12
8648123424449232910 9582446767618047520 6
202533890688126 6664280489687480576 36
132441102353534 2088693361067391232 40
18287577087607934 2034509428063205632 36
18287577100189822 2034509428050591488 36
4475460994914979328 4621247302419951932 6
4484485820715370496 536458192172862 40
4484485751861545984 536527045997373 6
2383188424851456 4482357615505997501 -12
3438582148562944 4373215830725394109 -12
3403190405627904 4355236823958847165 22
124748558041088 4341063817250373309 24
3506871993303040 4337400218838400701 12
3509088327499776 4337116527527526077 -10
3509088331563008 4337116527523430333 -12
43495230958153728 9107537732570205308 6
43035893739515904 9090264146256071804 18
43598800843665408 9089419768470178940 -16
41344853076701184 9091673711958953084 -16
43601060026056704 9089417504992853116 4
43035902295502848 9089982662723374716 20
43601025603301376 9089417539415575932 -8
4648604689408 4485580580256290940 8
569814891234304 4484733938993068156 -2
4588441198592 4485299165443071612 4
569780468474880 4484733973415795068 -28
569677187538944 4484734076696730750 -40
18379222289258322972 31492987428020224 20
18379248401046772764 13452477134282752 12
18379253109673106460 13447768503771136 18
18379257533725999132 13443344450862592 30
18379238811913427996 13462066263433472 24
18379257542080927772 13443336095933442 14
9026428579552540 18166657242557636640 24
4611705247752199452 4358620785039695904 34
4620712447006802204 4331599187275611680 32
4620712447006939392 4331599187275473982 36
4475466418861653116 13862628313829146624 -26
4467585119513754748 9259386544703078400 16
4484472927693061244 9241935786578739200 0
4484473342160551036 9241935372102877184 16
4484473618116393084 9241935096147018754 -4
4403930984989007996 4620719718303800833 12
4411829876522950780 145249996418326017 12
4412885269977702524 36108211906682369 4
4412920592057704572 18058491317198337 -10
4412949179360026748 578455458815489 18
4412955776429785212 8908435652097 6
4412955776362553468 8908502867713 4
18429153746055381236 17585916705782784 42
158470688012253184 18216215778757494004 -32
161982528151104512 18212699549162066164 -38
160854480794432512 18213827592223770868 -30
161982579523468288 18212699489216545012 -42
152957753889930240 18221724314833436916 -42
157470166824532992 18217211901898768628 -38
161982579623854080 18212699489099382516 -20
159721949357155328 18214960119366080764 -38
161982579757824000 18212699488965412086 -46
18276134768330486017 170609305379013120 34
18276130336731115777 170613736974205440 34
18276125938819346689 170618134885960192 34
18276134769338155265 170609304367149600 34
18276117108232888577 170626965472416272 34
3845794511487 4376650567079429120 2
145133036569215 4340480482818423808 14
145133038549119 4340480482816427776 26
2024895454352506044 2314885736572387904 22
2033832284863069372 18120295357612608 24
2033889442220735676 1174639397306944 20
2033900445960371388 600685704249920 30
2033902653607246976 35528103953022 48
4467584883822706816 36014741400271932 40
4468709959095828608 34326718321212476 34
4468710783729533056 34325891540057148 50
4468710783729533056 34325891540024444 38
220686359403888640 6642799472708697212 26
216191590229278720 4341451232669613180 16
216200386322300928 2053613825872379004 26
229711176580792320 2022088637104406140 26
229710081380843520 2022089732304354684 38
4638830968059075772 13735007779524043008 34
4620781316340383932 13753057426947768064 38
4638760461623826620 13735078281664324866 36
36259289484855091 1188438334183208968 48
36259289489049347 1188438334178998392 34
36259289421677363 1188438334246370316 30
67624544048383358 18162382693770491904 10
67624535390815614 18162102326962976768 -2
67624535424894334 18162101231712237568 8
67626733978387838 18162099028880553984 8
67626743037953406 18162099019804276736 -6
67626743071637886 18162099019770527232 4
36259289485905725 1188438334182158336 30
36259289490099517 1188438334177948162 34
9293922869375204476 9080479936279478272 2
9293918471328693372 8936371345273389056 -4
9292792561791728764 8937495055803875328 4
9295048734855199868 8935238882723758080 0
9295048769248492668 8935238848330399744 0
9295048769013086332 8935238848565740546 20
4326840103791392264 4625471530491021620 -6
4334738995325335048 150001808605546804 4
4326857695977436680 31782318387071284 -2
4332482797465138696 8705768343308596 0
4335862678894835208 5044411936901428 -18
4335864894961628680 4760720893397428 -10
4335864894154216968 4760721700809076 4
4335864895232176648 4760720622849334 9
4335864895097697288 4760720757328693 -8
4638796025616885503 12725110514135111680 22
4638796025415821055 12725110510057986048 4
4638796025650700543 12725110509806329600 18
66380789869692 4538717618669424640 32
18283020178295932 4484472182262067200 14
18291876908261500 4484463325532069376 26
18291885531753596 4484463316908577024 32
18291885531883644 4484463316908446722 22
478595946325054 4521134880169449472 14
443135618393150 4503155941987899392 30
478319994676286 4485106908857948160 14
548963612566590 4485035715492632576 22
548964555890750 4485035714540920320 12
548964623262782 4485035714473548032 18
9091668514529345536 40787104847871100 6
9082661178104086528 31780042763648124 48
9088361321260384256 8628451051289724 14
9091738986350641152 4687836007627900 18
144713670030008444 4448816662635290368 4
144748785682620540 4430767148473196288 -10
144678210243141756 4412964062891548416 -8
144713394078359676 4412788691323789056 -8
144784037696249980 4412717497958473472 -10
144783969513644156 4412717566132723456 -2
144784038774177916 4412717496872173312 0
13734848229507328 18179963221417163940 20
47575575232768 9006307254235626660 8
31782232087822592 8939106750657494180 14
31782214773735680 8938825292994870436 16
31784431110947072 8938541601680948900 14
44894894948864 9006309934915877948 34
31631595677155840 8938694437114739772 25
31640461030719488 8938685571761143612 12
31640461030719488 8938685571761143358 12
9166544651948724224 38531509263937148 18
9153033714553917440 34028048149261948 20
9164924109248335872 4404729922072188 12
9166614331887521792 2433034453659260 20
9166597427433115648 2449936768970364 4
9166615158129758208 2432206063955580 16
8950922131316766784 36291300566140604 14
9088282533641455872 44876773169116222 24
9079275196947761408 35869711353328702 28
9088281846446688512 8989400833274942 28
9088353039824193792 8777469967414846 32
9088353039824586752 8777469967021375 6
4473250967855325308 4623175854502911488 26
4468712183855865980 34043018584464896 6
4481130059556479100 4173694327791104 24
4482255950906941564 2766328000617984 22
4482258167110041724 2482636820839936 22
9089487161610081792 9248607571089137692 -4
9080515215446906368 70236277416501276 20
9106410913304286720 8874732493578268 6
9107536778580858368 7185917263601692 -4
9107536813175735808 7185882668709916 -2
9107536813210998272 7185882633445660 2
9107536813210600960 7185882633842748 -13
9107536804587508736 7185891256934942 0
9107536813210866688 7185882633576989 2
1008809680483999996 2318506019212664576 38
1008816268930277628 2317936480812965632 34
1008817372753584380 2317653902012948224 36
296431930525038975 4657527659582456832 42
291910738711624063 2356205842182177792 34
289676531083983231 1205518545202971648 46
298665863274772863 620068460708758528 40
304330822058981759 182057937696982016 44
288533038991096191 71754931198493696 46
305456721965810047 36816849714314240 -18
305456721797659007 36816849882449408 -19
8939645691305141374 30680341486737408 30
8939680875677222014 12630758605191168 28
8939680875677229182 12630758605168128 22
78793036697898496 9090535802476703868 -6
2393572876422155776 2200098741344022652 2
2380097193192656384 2195560026064040060 -16
2389104184409918976 2168538638484779132 -8
2392508479908023808 2165134340843384956 -6
2393643245166198784 2163999575581015932 10
2393643245132646400 2163999575614568062 2
2393643245166070784 2163999575581143677 -10
2603174487192320317 10978837564018525698 -18
306356338138888509 8663969694644569602 6
2332993762641656125 2169761439790269954 -10
2594132034846013757 1800536776529020418 18
2621219740746856765 1737983223562634754 -10
2621206408087288125 1737433606277170690 -18
2621224069532825917 1737415944823277058 2
2621224138791256381 1737415875564830210 -2
2621224138792311041 1737415875563759230 0
8948670588614897664 148319183696759932 20
8949796488521740288 75135689751989372 10
8936848639593050112 34040343152233596 4
8948670588614897664 4485470597614716 14
8950359369214590976 2515215021243516 16
8950359403844874240 2515180390927612 6
1735133201916246653 7217178432366118144 28
1743023228100819581 2741717575830013184 20
1744087486905465469 2632566925968475392 -4
1730576550852835965 2628063463511622912 34
1743025496380422781 2598163069427975424 22
1744157993086485117 2596467622768508160 30
1744157993357031549 2596467622497945346 -4
26995071407049736 9088290574390800432 -18
35931901917613064 4503696522471813168 0
36002270657580040 4467597356712914992 -22
36002270661656584 4467597356708806192 -14
36002270661659656 4467597356708802864 3
36002270661525504 4467597356708936764 -14
36002270661789704 4467597356708672562 -6
6793964188743807 9107647256662148096 38
38564747688063 4538745434694779904 38
33813362929711231 4469223314470503424 31
33815553128020095 4468939649312261120 24
33815561919019135 4468939640504550400 22
33815561952952447 4468939640470567936 -4
33815561885726847 4468939640537777408 15
285148505406524 4521328877374537728 6
496806637042748 4485088422223970304 22
494530140404796 4485090698720576000 17
496806573997116 4485088422286983424 28
496806641220668 4485088422219759744 -4
496806640711740 4485088422220268546 15
1155337766064198718 2474282058619710080 20
1153085966250513470 747151601523124864 32
1157571973691839550 454435217930087040 20
1159700076291494974 200105536197683840 16
1153068374064469054 179715640660486784 30
247205180250140 9169081636146054400 -58
2315027044904507420 2278644575013373184 -36
2306054961302378524 2269602260106020096 -56
2315097413378152476 2242545409520780544 -42
2315097413108662300 2242545409790262528 -49
2315097413648422940 2242545409250494208 -50
2315097413648680988 2242545409250235680 -54
17911423573758 2935484620691841025 34
158924871966462 2935343607243431937 32
141574214779134 2935360957900603137 24
33906860342123263 13728248063558476800 -28
51992179507469055 9098476725965743104 26
70072514084346623 4469273322914898944 10
70074730423786239 4468989631598748672 8
70070349691362047 4468713636866089984 -12
67820628574739199 4470962267061019648 -2
70074747737873151 4468708143602918400 -22
70076946257812223 4468705940804789248 8
70076946760866559 4468705940285088768 2
70076929547705087 4468705957498184704 -20
70076946761128191 4468705940284696320 -10
12128812812147736 18308514471330979876 -26
4623247483239603224 4546081358086676516 -26
4614807631984794648 4500478013813039140 30
4623814831237438488 4473456416050929700 36
4623249604785274904 4474021642503077412 30
4623814831239404568 4473456416048947492 36
4623814831239534616 4473456416048817190 34
18438827715099164929 7916356450270722 30
18438792530727076097 7950993214029314 32
18438827920720724225 7915601077091842 30
4611978032807215361 13618593258788490758 4
4646887525909070081 13583120815733231110 10
4646887526450135297 13583120815192157702 8
13143641021618432 18415585207384614014 -28
4171694858443008 18406542755038307454 -20
4136578129987840 18388564023013094526 -22
13178756137359616 18379521570127815806 -18
13214145594136832 18379485907940615294 -20
10944616692324608 18381755434703332478 -22
13214077946304768 18379485973445158014 -20
13214147202652416 18379485904184632446 -18
12648989604190464 18380051061783078526 -14
13214147204749312 18379485904182519167 -20
9257422782271601664 8936838237328441406 12
9258553080224955392 8791592751299231806 12
9259045523726284800 8683013916741010494 16
9241030986968873984 8664999656479473726 48
9259116030178368512 8646914613269962878 14
36455070976904704 2701733502464307262 14
36525370460540416 2683648804471222334 16
36525439716888064 2683648735214858302 14
36242860920799232 2683931314010931006 8
36525439720819712 2683648735210910271 20
72079765048664188 4485561954043665920 34
72079756391096444 4341447874137005568 50
72642706361819260 4340883828949622272 34
72642715002077308 4340883816014413312 34
4472083916355813504 31234236037938236 40
4473209816262656128 29826861154384956 32
4473212015285895296 29543187154467900 24
4473212015285895296 29543187154435196 42
79205670895421184 8945303468132055167 12
3546924469704655616 901927447914396799 12
3531197193088861952 899640326020708479 10
3546990578110236416 866395492443273343 2
3546871830854436608 866092027234007167 14
3546994975080908544 865828695274993791 10
3542456054718334720 870367340759660671 12
3546994975070422784 865828147677149311 6
3546994975886214912 865828144713889919 12
42929504609906720 18331475500084955164 -14
2053786738230833184 16176784553364883484 -18
2062230987523764256 16168058829095274524 -12
2062230987532140576 16168058829086881820 -14
2062230849824239648 16168058966794767388 -12
2062230987532144640 16168058829086861436 -18
9092797605728714752 22206565092441148 -4
9093921289432432640 20801406412012604 -4
9093923505629265920 20517715238485052 22
9093923505627136000 20517715240598716 2
4621750673292348 8984281630581506048 -2
4035290365733846076 359941395603046400 26
4048871808204341308 328345554623069696 20
4048871808170802236 328345554656608512 22
4048871808237516860 328345554589893634 32
9151900684902165636 35442554933641216 2
9160907883885300868 8420957441028096 24
9160907875398806660 8420965927518720 20
9160906780333468804 8422060992856320 26
9160907866841746564 8420974484578368 16
9160907884154784900 8420957171540000 24
9160907884156898436 8420957169426448 14
9160907849662424196 8420991663900680 22
9160907746448992388 8421094877332482 18
141608305078416 4520909467621461036 44
141332353429648 4502895345063627820 30
211977047146640 4484810301860445228 48
211977048199312 4484810301859376236 28
9179283188563772416 9267460885145776128 18
9179283188567458816 9267460885142083584 2
9179283188534035456 9267460885175505408 14
9179283188567852032 9267460885141688576 16
9179283188567966720 9267460885141573760 6
9179283188563772416 9267460885145768000 14
9179283188567966720 9267460885141573664 8
9179283188567719936 9267460885141820420 14
9179212682115891200 9267531391593649154 6
2310602730372646016 4910356322162522239 18
2315106261012104320 1447088277702523007 10
2319557015361339520 325744815765404799 28
2319521624021828736 307765808595433599 4
2319618725720409216 291906108201056383 8
2319627521813430400 289645512294350463 18
4331593026911120574 4620718607371276544 6
4339465530165996734 145275273764868352 8
4340529719982730430 36124692891242752 16
4340494398171688126 18145616192803072 0
4340600226165853374 25389689172224 16
4340600226165858494 25389689151232 26
4340600226164804798 25389690204480 -8
296288295938852352 4621571853527644543 2
291766966149613056 2320250174103189887 8
298540095752537600 1160555539893418367 2
301935387659109888 580699495683422591 0
304187187472795136 146102131642169727 -4
288389404404909568 35799125143681407 6
305260173382551040 984326400735615 8
305312949403813376 861456513202559 -19
8947620268183261439 9264089996637826048 -2
8982664454695424255 149788961346743296 20
8974712786603348223 31639839872445440 22
8980408222204956927 8492955714776064 6
8983785956555755775 4554470433811456 -8
8983790345978515711 4547886282763264 -2
8983790354501472511 4547873481616384 4
8983790354568319231 4547873398057984 4
8983790354602004735 4547873364307456 0
284864028426392 4484737414879133220 32
282665005170840 4341187375779954212 40
1410763935252632 4339496326896483876 42
1410763935252632 4339496326896451172 24
52028769798141244 13710127266515912704 -16
61018376866837820 9089451641019828224 -12
70036562647921980 4469310386764777472 -2
70040969284367676 4469024505151621120 -6
70043167766558012 4468740831692752896 -17
70043168037078332 4468740831422216192 -14
70043168307491132 4468740831151787520 -14
70043168307615036 4468740831151663168 -12
18302922476865567103 17508873177548416 40
72909772407519292 4484732775613466114 34
72909774021277756 4484732773991351810 40
72909774558134332 4484732773454478850 42
72909774562342912 4484732773450253950 36
4108139513117359422 296380922450968576 38
4110382448118545726 150022799373926400 48
2378495684480859196 1890494549801304256 24
2378495684480859196 755587443703939264 18
2386939933782178876 729410270869848256 4
2387502883735206972 728565845940110016 14
2387502883735599104 728565845939717374 8
13591342704900192312 4638947111718846720 -20
13616743889853233208 145975096414273792 18
13618432731022899256 452542145462528 0
13618434947359979576 168850831672576 -16
13618434947225761848 168850965889792 0
13618434947360233528 168850831417664 6
13618434947360239672 168850831411460 2
9270858486337503232 9103546518357376048 36
10136679946837295104 8165667463819656240 22
10133306679791452160 8097264611804281904 32
275956922488 4376513399428711812 20
1079015544 4340625614776010116 26
1736398106137258108 4620995717849618177 -31
1740910501857650812 2310640312915531521 -22
1743153368139360380 290784813571839745 -34
1745352391125952636 36384211452499713 -12
1745317069583870076 18405134485100289 -24
1745409703438510204 1424002027820801 -26
1745418499531532412 852255981377281 -30
1745422897307494524 284908251993985 -20
25020296731229308 9089983874073100288 -22
197722222558332 4539149227173347328 -8
34042889148759164 4469556738204893184 -8
34045079548525692 4469273072845193216 -18
34045088138067068 4469273064238940160 -20
34042880525139068 4469275271851803136 0
34045088171883644 4469273064205058304 -12
34045088171998332 4469273064204943488 -40
34045088172013692 4469273064204928002 -10
16028567831279616 9080961204480377918 -14
17092757648013312 8971810623606752318 18
239580856416256 8970649401888867390 6
17163263826919424 8935711320408915006 16
17163263797196800 8935711320438605374 4
17163263831013376 8935711320404788542 -2
17163263831128064 8935711320404673726 -18
17163263830087680 8935711320405714046 4
17911039827631114240 300672640525022270 32
17913287177926051840 154310102154228798 24
17914351299023308800 27145191490597950 -4
17906536245250983936 17508796706862142 28
17914419726442268672 9343840538866750 28
17914421942641199104 9060149363242046 12
17914421942645131264 9060149359294014 12
17914421942578153472 9060149426271550 22
18376948222562877311 6533935125512320 44
13753657018823740 18179943313116171009 -6
278111362495548 9006075618936687361 10
31798910707577916 8939088972526062337 0
31803308749894716 8938521624530356993 2
13718265274041404 8956606668006193921 6
31803308618814524 8938521624661404481 2
4541348457596584048 70337560830776324 36
4541489471040782448 70196547386561540 34
4541489746995576944 70196271431758852 38
291783635678459904 8678542397113435708 28
3461183077347424256 1041572125092939324 42
3747168242131597312 612034722186331708 14
3750544846652372992 608376642688845372 2
3750548149498869760 608091864865638204 28
3750548149494781952 608091864869725820 26
13554902182208144640 4638795887438477436 14
13580806606902199552 145320632392890492 -12
13581936974111900928 638027060754556 -16
13581939155821069568 354370374875260 6
13581941371887879424 70679331371132 -8
13581941372158411008 70679060823676 26
13581941234450497792 70816768736382 -23
117328868485774396 18311119331737468928 -12
9043463329934097468 179627231943852032 28
9052470529155284028 152605634213249024 -4
9052470459928296508 152605703440203776 12
9052466096512056380 152610066856427520 -10
9052470520564956220 152605642803511808 12
9052470529187781692 152605634180685888 2
8952697878299738368 9277591938319260732 -50
8969012431832678656 182020536007400508 -20
8935244230720422144 71955024020511804 -20
8970712276268155136 36205503496100924 -26
8970712276265009408 36205503499222076 -18
8970712276809089280 36205502955134524 -1
234113784100991 2179508105863169024 44
866554580764211327 1205101247826166784 39
866625087211583615 1169001944359863296 18
866625087215763583 1169001944355666944 8
7919173214600256 8008276504293212991 -46
10170904039320640 4547260259647951679 -38
20212961180736 3422503844628726591 -20
16943689239557184 3387706707329223487 -38
16891050389338176 3387688977435264831 -42
16943483619048512 3387566725217190719 -42
12404905773816896 3392104755454092095 -30
14674434411396160 3389835225742771007 -38
7901442778123328 3396608216304399167 -32
3387565694425072639 16943964655352832 42
9266268582582957098 9107573472158386192 24
13582977690771141674 4647312125847767056 6
13590858989041091626 4638867877624412176 4
13590858990119039018 4638867876546448912 16
13590858990119040010 4638867876546447472 6
13590858990119039010 4638867876546448412 -4
6794102114826288 9107647118752892044 14
38841190660144 4538745158268634252 10
33884145555814448 4469152531861226636 6
33886275318528048 4468868927121835148 -10
33886344578938928 4468868857861391756 -2
33886344443795456 4468868857996535036 -2
4473235790078960894 4659219824986494976 26
4468697006079501566 70086989068048384 34
4481117089426859262 40215457164630016 34
4482242989333677310 38526607304423424 18
4482242989333700862 38526607304367616 32
5033297092805120 9164295544225086524 -18
4049212985913377280 544458633996090428 -16
4035737371403354624 539919849996631100 -14
4049283353579618816 508359469319273532 -20
4049283354653360640 508359468237175868 -18
4049283354657554432 508359468232949564 -12
4049283354657554432 508359468232949310 -30
4049283354523074560 508359468367429181 -8
18445891560968081656 569933907635204 52
18445895941700505848 284078198500356 54
296409811309968700 17897569733313314816 -14
2321912539812871484 11404496174458880000 12
2594384715315297596 10988471760834019328 4
2611277611964316988 10971015914231644160 -30
2611277611964432700 10971015914231463424 2
2611277611963391292 10971015914232504384 -2
2611277611964447036 10971015914231448578 12
4473460582000138264 4623247715334825252 14
4482414867257792536 38636208668747044 13
4468904205814634520 34132471602423076 24
4481355075487569944 4230153373426980 25
4482485373436729368 2536905470862628 -2
1242202139199 4359201722115691520 28
5648872139327 4358915840468980736 24
7847861840447 4358632166502634496 26
7847895370303 4358632166469071872 40
7847895394367 4358632166469015296 28
7847895378495 4358632166469031040 14
7847895370303 4358632166469039168 28
71173332220013692 18375289253627695104 -8
71738498376559740 18302947968409931776 8
68919316203203708 18305485684196511744 8
70612615649586300 18303792380455161856 -10
71740714579422332 18302664277230489600 -6
71740714575465596 18302664277234348032 8
71740714579419260 18302664277230362112 20
71740714577570940 18302664277232210048 -10
71740714579683452 18302664277230097410 12
70059294109609084 9080692198749573120 -32
71189626422701180 8936009628314046464 8
71194058828942460 8935442245954400256 -22
71194058828947580 8935442245954379264 2
71194058828819580 8935442245954507008 6
71194058828425340 8935442245954900994 -12
44656336391372800 8962261443372858430 24
70074871938547712 4469272077474151486 41
71198547085885440 4396090808288885822 30
71763730422300672 4323749505891253310 32
9088325999054297104 44692570276308518 36
9079424558939772944 35579611881350694 28
9088537655034255376 8452117277419046 42
9088537655042637824 8452117269003838 26
22377252520000 4377476460551600188 44
17944579940352 4377480893224147196 24
1157427346512295967 3183761219296102176 30
1159698946091661343 3037374431640880928 42
1152943538094225439 2900296126539171616 38
1161390003598655519 2891568186058047264 26
1161390003597613087 2891568186059073376 30
100271502816284 13600489123884337376 -16
36199989177676828 4359031767864183008 0
36268158898598940 4341230674610489568 2
36268150274847772 4340949212552497376 2
36270357887382556 4340947000645060832 6
36268150274715676 4340949208257662688 18
36270357854614556 4340947000677763552 0
36270357921329152 4340947000611048702 -6
9309750291531836 18184669794331816960 22
4612023822689962044 4394612482097574912 34
18340798712661618992 105944809132002316 -6
18340833689933652272 87895983106300940 8
18340798505026793776 87930620404829196 16
18340833964813660464 87895158478867468 8
18340833689933656368 87895433354677260 16
18340833965885292848 87895157398862860 18
18340833965887271216 87895157396868620 26
18340833965887394048 87895157396745340 14
18340551387087253552 88177736196885773 4
16150164074294414460 2025801071819452416 14
16733309719855762556 325762718670221312 14
16717512074226830460 323545965789671424 48
16733380226038890620 289663415468129792 44
16733380226038368380 289663415468651522 28
4467720399099665922 17864277858001213 20
4467720399099665922 17794458869637437 20
4467720399099665922 17793911261307197 24
13799739185692949532 4646723413031452672 22
13799210320599989276 4629519354591641600 14
13799774231548148764 4628673968675160064 30
13799774370060844060 4628673830154108928 24
13799774368987102236 4628673831227834368 34
13799774369930558492 4628673830284362240 26
13799774370065030172 4628673830149890112 30
13799774370065026076 4628673830149894176 32
13799774370065037340 4628673830149882882 26
242987187322399 4340664103644365088 42
244086694755871 4340381529160253728 42
244086698934303 4340381529156058912 22
244069383806495 4340381546471170400 42
43300889375606908 4496327535009601024 32
44930097739794556 4350583138573751808 28
45000604996667516 4350512631312692736 14
18304769931715096638 141973589004783104 16
18304769657106149438 105945616350580224 26
18304840163289280574 105874562559118848 26
18304752064114798654 105962660659858944 26
18304840437628219454 105874286076890624 26
18304840437896642622 105874285804289536 28
18304557859367039038 106156864333876992 26
18304840438167179326 105874285533736512 26
2466831273924099 2176430963443247228 12
868213490891724291 1202597912768555132 32
868213490891724291 1184583514259073148 26
864903960892118531 1170441595702618236 20
868281660612646403 1166782421005379708 24
868283858557965827 1166498748083366012 12
868283859635900419 1166498747005415292 14
18302666355138426369 71737537109428476 -12
18303794436754437633 70327980516706556 -2
18303790056022013441 70051985784047868 -12
18303792237798290945 70048713086077180 -4
18303796635710322177 70044306617665788 -4
18303796653024408065 70044289270156540 -4
18303796653091779585 70044289202719484 -18
18303796653091778561 70044289202655228 0
70044289202654462 18303796653091779073 16
1104563208572 4340624511291817472 30
1104562829692 4340624511292195842 34
1737485179469726221 7215389404766092336 26
1746422009980289549 2630795352847105072 32
1729533511377650189 2629669452940262448 32
1746491279212839437 2594978761572301872 22
1746492378720272909 2594696187088174128 18
1746492378724466701 2594696187083964208 20
1746492378724466689 2594696187083963966 20
4323487989074456576 35996450220182588 11
4324053155230871552 35149809087057212 38
4324052879274086400 35150085043842172 30
51575750144 4485303702308520060 16
34395880960 4485022244511678588 20
2250598809088 4484738553332040060 -14
2250596892160 4484738553333956860 6
2250565318656 4484738553365530238 20
2250598743040 4484738553332105853 -12
4482278173875382800 9243849065419752840 -18
4473235583012186640 4641205637855561096 -12
4468732259340659216 70051740118664584 -20
4499201925569587728 4116226824193416 -26
4500327825475371536 2427376964992392 -18
4500327825475373584 2427376964986312 -20
4500327825476422144 2427376963937720 -8
4500327825475379216 2427376964980620 -14
4500327825476429840 2427376963929994 -2
4500327825476167696 2427376964192137 -26
141332924366848 13582152193271610684 20
176586015932416 8970430921752657212 19
176586015932416 4394773700344233276 26
18190984521220096 4340730504819998012 26
36180140247166844 8970737637361192960 14
36180123067297660 8970456179564351488 14
36182338196680572 8970172491605741568 14
36182200753532796 8970172626909794304 16
36182339266228092 8970172488388743168 20
36182338192478076 8970172489462476800 18
36182201528822140 8970172626126116354 30
36182339270421884 8970172488384516609 2
44946736807936 8104745532661399423 6
2319394365376036864 5208935361718747007 4
2319403161469059072 4920696189474013055 -2
2305879168447414272 4647115706250788735 8
2321650563236233216 4630781361508548479 -4
2321654270862557184 4630214703937191807 2
2321654960741679104 4630214014049714047 4
38444065950682244 4500339933508612152 10
38514434694843524 4482255166255001656 10
38514434526691460 4482255166423121464 12
38496808081837188 4482272792867975480 8
38514434694843524 4482255166254968952 26
38514434694858880 4482255166254953534 16
45981335781120 8952265652946632764 32
45981069426432 8952265653212954812 30
45705384107776 8952265928898273404 41
45981070883072 8952265653211498046 24
47446712371664512 18326394229956487292 -8
45194878264821376 18328643873630009468 -8
11281041313240704 18362557701991688316 -8
47451127732260992 18326387615572635516 0
47451127463301248 18326387615841595006 -10
47451127597782144 18326387615707114109 -4
44176868939150398 4549494750970316800 -26
44638663822816318 4494989760558204928 -28
42474686420366398 4479139339459561472 -20
44744216934888510 4476869808936683520 -16
44744215590601790 4476869810280953856 2
44744216939081790 4476869808932457984 -12
44744216939074622 4476869808932464704 -6
9227925266224590848 8966617228352162876 40
11529282302356697088 2089602970811632700 34
11560803067071496192 2022053409077886012 48
11560807491124670464 2022048985024695868 38
11560806395924721664 2022050080224644412 16
11560807499748282368 2022048976401083516 10
6792100360164128 9126226468970466324 4
6794307973354272 9054166667319348244 -2
7322073554686752 8999595706209569812 10
6792108950098720 8982392747281386516 12
7357257656242976 8981546123598547988 -2
7357257789408032 8981546123465374740 -2
7357257926775552 8981546123327999092 6
7357257924674336 8981546123330100252 -6
7357257926644000 8981546123328130582 22
7357257792295200 8981546123462479381 -2
9518802992037888 18329138329904757820 0
4612162437792595968 4539151455268387900 36
4630176561424171008 4485109084373662780 28
4639254404267048960 4476030691774971452 29
13591057901137377336 4638950440504967168 -10
13617024243690584120 145413267600228352 18
13618150126349647928 172196865309696 10
13618150143462946872 172179752010240 -6
13618150143530186808 172179684770048 -6
13618150143597418552 172179617538112 0
13618150143597424696 172179617531908 -2
11869447649282202776 4629771060566319204 -18
11873933587735616664 1166520608292364388 14
11882923263792225432 581070179932332132 -18
11887448767148562584 1209824179414116 8
11887457615116999832 638026257555556 -2
11887459831454342296 354334943502436 6
11887462047791677592 70643629456996 -8
11887461910083770520 70781337363558 -12
9260737685058715648 9185161963720686612 -4
13727178183097155584 4647226821597740052 12
13728306316386992128 4645817213331192852 16
13728308239452307456 4645533815289183252 -2
13728273262184202240 4645568792557272596 2
13728308515410116608 4645533539331357972 10
8654095831791616 4368563262700651646 2
8618567862319104 4350584392160642174 -4
278016251394048 4341192020238795902 -6
7596357022117888 4333592208786328702 0
8724464575707136 4332464096937772670 20
8724464575838208 4332464096937641342 26
18310558839984883964 45549187417174016 24
18310664806768576764 27428822123999232 42
18302884938442082556 17757241894432768 30
18310770635836489980 9308594546605056 22
2558586296171640 4481337792704577668 4
288532747407817848 4052374343423918212 0
290782365378116728 4049561775500198020 10
290788962279686264 4048992228645207684 10
290788962447752312 4048992228477141380 12
290788962447358072 4048992228477535366 4
167984287447040 9006185746011784254 24
238344441690112 8970087688350204990 2
238344407742464 8970086588872525374 18
238353031493632 8970086580248773950 20
238353031608320 8970086580248659134 20
167708331579392 8970157224948687998 16
4471124227654106236 67659771805171714 -2
4467812601710460028 35505550683275266 8
4471192534813981820 31844142603042818 14
4471194733833043068 31560468607303682 12
4471124089135119484 31631113305210882 38
4471194733836975228 31560468603339266 -10
4471177107224214652 31578095216099586 18
4471194733837237248 31560468603076862 -20
24878511599021568 9089421971780341822 -8
38344904306176 4538604917066633278 6
33883503206886400 4469293911698510398 -6
33883494516420096 4469012445412266046 2
15764932446809600 4486990269993521214 4
33885710849543680 4468728754102464574 12
33885676426780672 4468728788525195070 8
33885676223475200 4468728788728500414 -6
33885710853754368 4468728754098221182 0
4325393956231510576 4627480628004323776 -26
4332727690165287472 152576063719014848 -16
4333855797718874672 79390362127499712 -44
4334206952089090608 43010410738319808 -46
4325305719345429040 33897244972499392 -30
4332727698788776496 8742341996380608 -24
4334418747671509040 6769818136938432 -26
4334418747671765504 6769818136680952 -42
4334418747672293424 6769818136153028 -30
4334418747672295472 6769818136150978 -32
4334418747672033328 6769818136413121 -46
1801612031101546496 2773763715330149436 38
1801612031101546496 2629930002231004220 38
1802174979977019392 2629085578378837052 36
1802174981054959616 2629085577300880508 28
7536910815722496 4477765743556952316 -40
8104327535131648 4405140732799615228 -36
8460017390812160 4368756245924970748 -40
8601030835026944 4350600833971273980 -26
225209895345152 4341243731378184444 0
8093323828919296 4333095241979527420 -12
8671606681107456 4332515859615711996 -34
8671675534932992 4332515790761886204 -22
8671675534538752 4332515790762280190 -32
2310673331955645628 4678913289723330624 32
2306169732328275132 1224652375530160192 30
2315141747210927292 639219608344084544 30
2319680522586489020 58220080665099840 44
2319680531143146684 58220072108441920 32
2319680531209861248 58220072041727102 34
4475468820043662850 4620957998019590269 6
4484471586892154370 832162697132157 -14
4484473803095279106 548471517296765 12
4484475959135307266 264844795525245 14
4484475984871424002 264814764441469 0
4511700725560717374 4620754893816466944 20
4520718911308116030 613639595101696 26
4520723300798378046 327775128129024 -12
4520725516460437566 44084489391616 -22
4520725516999393342 44083950419456 30
4520725516934262846 44084015533824 8
4520725517001494590 44083948301888 -18
41322587190990848 8938573594809034556 30
2346600447428007936 2165724904220485436 40
2346598213774481408 2093669543836084028 12
2347095227660507136 2039129334421612348 22
2342661996777314304 2034555366050064188 22
2346600430248138752 2021891208301209404 38
36249699820175103 4358417999149924608 64
1152928540876486144 14477095440889530620 -30
1152937336969508352 14188856268644796668 -34
1155180323476747776 13902886505613215996 -32
1155173726440535552 13899515402928900348 -26
1155184738736682496 13898941440679332092 -20
1155186920580068864 13898657783859235068 -34
1155189136783060992 13898374092679532540 -12
1155189136782668288 13898374092679924990 -24
1155189136783193088 13898374092679400189 -30
6760384641908864 9108242686667603004 44
13789917364352 8971155568293002300 48
7881886468685952 8963007096276597820 30
8460238241923200 8962427644991765564 26
8460238241923200 8962427644991732860 30
3363953402621 4336118652274252800 52
576464116256694525 3471427523819249408 54
10128782291804075132 8083493124149626880 36
11578958964003419260 2165745621598750720 34
12430139293576443004 1188464502459353088 28
12443648992946926716 1157221879556098048 28
12443650090847941756 1156939308825856000 38
12443650091384812668 1156939306149890048 36
12443650092424867964 1156939305101446656 34
12443650092391249020 1156939305135065344 34
12443650092458029180 1156939305068284930 38
8946637930003045376 149788892355174975 12
8947693461165710336 40646970135618111 0
8938756630655147008 31569402136699455 -12
8944379490136235008 8495094099550783 12
8947760527063260160 4832582195814975 14
8947763829905693696 4547804376703551 6
8982698805278084099 149755710275728252 26
8974711609216535555 31642116770902908 40
8980447005464398851 8455271966978940 20
8983824705184861187 4514622309872508 22
8983824705180732419 4514622297256828 44
8983824705180732419 4514622297240444 42
4049061675204095228 14180946653503016960 4
4049063857047481596 14180943380737937408 6
4049061675204095228 14180945558286356480 6
4049063874227347708 14180943354968137216 12
4049063874227349756 14180943354968134658 12
13795637743008820 18324299094956179464 2
320091952462900 9150431400910913544 22
31845289343794228 9082877406500618760 -6
31845254917078068 9082877440927334664 -2
31845289342999556 9082877406501412984 8
31845289075095600 9082877406769316878 -4
11090516835388 3692940603926970880 -4
11090517048380 3692940603926757504 -14
11090511830076 3692940603931975744 20
11090517096508 3692940603926709250 6
4473235790078960894 4659219824986494976 26
4468697006079501566 70086989068048384 34
4481117089426859262 40215457164630016 34
4482242989333677310 38526607304423424 18
4482242989333700862 38526607304367616 32
4473235790078960894 4659219824986494976 26
4468697006079501566 70086989068048384 34
4481117089426859262 40215457164630016 34
4482242989333677310 38526607304423424 18
4482242989333700862 38526607304367616 32
4539628580122670142 17732767799511296 26
4539632960989312062 17446911956158720 30
4539635177188242494 17163220780550400 4
4539635176112391230 17163221856385280 32
4539635177192173630 17163220776587008 -28
4539635177192428606 17163220776331584 18
1949335276766398 8950925248959035392 20
2315101897791915198 2170201856092354560 28
2307686515422545086 2051516448895350784 20
2315110693884937406 2026359346900187136 28
2316799543745184958 2024389022063261696 20
2316799543745200318 2024389022063214080 20
2316799543745184958 2024389022063228992 10
18194736921988835352 34989944676750628 18
18203744051983034392 7968416173102372 36
18203744121239373848 7968346916746532 46
18203744103928432664 7968364227671396 46
18358071452789960944 16332448081512460 42
16890999988422668 18285455306845122800 -45
4683229169676 18230565504543158512 -33
16888792308123660 18213401019999121648 -25
16330223254634508 18213958493835950320 -24
15202141437560844 18215086571374833904 -46
17458330774538252 18212830382021144816 -36
16328032787759116 18213960680007859440 -34
17458347988092940 18212830364807525104 -34
17458347921115148 18212830364874502640 -38
18212830364807262462 17458347988355072 43
4403962142301364797 4620970035972348928 34
4411280491695841853 146080856226339840 40
4412969341556097597 276818290244608 29
4412969341556105277 276818290220800 22
4412969341556097597 276818290228288 40
4412969341556105277 276818290220546 46
8655930660664375296 296380973618036990 -8
8650323151362717696 31772505277464830 -28
8655946045237229568 8698162846892286 8
8659328151594203136 5034581513208062 2
8659330350549563392 4750907581138174 -28
8659330350617065472 4750907513635582 -6
8659330350550218752 4750907580482046 -6
17824330423417856 18428919743286116352 -28
53994415498148864 18392749658211368960 -20
53429259246058496 18393314814463443456 -32
53994416829643776 18392749656879857920 -8
53994416845560832 18392749656863940672 -22
53994416843983872 18392749656865517600 -22
53994416543310848 18392749657166190608 -22
53994416846091264 18392749656863410184 -30
53994416845303808 18392749656864197636 -28
4540619141225709950 8015930506771968 38
4540619141225709950 7946111518408192 34
4540619141225709950 7945563910077952 38
1377828866 2412240549032492861 -2
4476022565293408036 4620826469529878553 0
4484462382188478244 72758228245348377 -26
4485027548345024292 416943027585049 -8
4485029764007083812 133252388847641 -2
4485029488590208804 133527805706265 6
4485029764547092228 133251848806521 -8
4485029764548148000 133251847750687 -28
1152921539237134526 3187704076617891072 8
1152925945907118270 3187697470924651840 0
4473284116987511808 4623424179265289023 -4
4482220809790686208 38830265053690687 -22
4468710148615963648 34326527718931263 -2
4481161018288899072 4424209489935167 -10
4482291177995895808 2731100903258943 -30
4482291316234912768 2730961598888767 -30
4482291315971720192 2730961853709119 -16
16038537140830721 9009175116059262014 -6
16817987805708801 8972366868375419966 8
1125895293043201 8970044562378603582 -2
12376080886857729 8940779978308861502 28
14632287538577921 8938523771640364094 -4
16879628635275777 8936276430526921790 2
16888493986742785 8936267565175438398 -10
7863668121075713 8945292391041089342 -2
1737376957103409469 7214793939690616322 18
1745275848637352253 2739324217805141506 20
1746331242092103997 2630182433293497858 16
1746296195427928381 2612203081448191490 22
1746395142884493629 2594652685435565570 18
1746399549520939325 2594366803822409218 16
1746278603241883965 2594347012613109250 28
1746401748544194817 2594083129822443134 16
34407041672318 4538749592417605632 10
65227726988414 4521267323176228864 -18
67461109982334 4520983614816524288 0
69660129043582 4520699940820785152 -18
69660126938238 4520699940822874112 8
69660132974718 4520699940816821760 -16
69660133106814 4520699940816689408 -6
2273945471951998 4482466858458880768 14
2017639176766760062 2323549389041638144 42
2021021274533790846 2319604341321202432 22
4376584752580788224 9241456095657410364 1
4367507184581869568 4638847645228941116 30
4393473251183427584 145310748275851068 16
4394599150549204992 69660834250556 19
4394599149741801472 69661641637692 6
4539628752301730942 72057261796921344 26
4539641894901656702 72043023980335104 26
4539633133168372862 72051781452206080 22
4539644154054446206 72040760532594688 28
4539644154054451326 72040760532573696 24
36171191116476542 4340412853013335552 44
36171259903325310 4340412784226486528 52
4375448866253135872 145320734696676478 -12
4376576990953037824 640371874339966 8
4376581414635134976 354473215532158 -10
4376583630968258560 70781905730686 16
4376583630972346368 70781901610622 -18
4376583630970363904 70781903592702 -18
4475532651951567485 4621457120351685632 30
4484469345023177341 36863205871651840 24
4467580983859491453 35737168525855744 30
4484538751694680701 1046477157895168 28
4484539851204199037 763902671682560 30
4484539851206307965 763902669557504 28
4484539851206307965 763902669557250 30
4323943575959973945 53555261844098562 34
4323978897771016249 35505541523574274 38
4324014081602039865 17455959183101442 38
4324014082140995641 17455958644129282 34
4324014082143096889 17455958642011714 28
9259599410556352512 8105436327654147196 42
1160219820757156156 5487093229241662976 33
2768311064002876 4338701729721122304 30
1169174243453763900 902481585136631296 35
1153376185507971388 900265244572941824 34
4548658044922108 8947551870004958976 30
9805191768316 4358419102940206848 40
4513335964920060 4335971542401750784 38
4473248743025835524 4623459554309111864 12
4468709959026376196 34326718390665272 -2
4481125609699048964 4459619161931832 12
4482255942280560132 2766336626999480 10
4482255942280551940 2766336627007608 20
4482255942280574976 2766336626984510 18
4482255942280313860 2766336627245625 -2
360899618468690948 8700342831800713473 -8
2386956500831992836 2206715119085879553 -38
2666707443310296068 1800863387041202433 -12
2675749826396060676 1773806605445988609 -12
2675749818313243652 1773806613528773377 -14
2675749550981258244 1773806880860758337 8
2675749826398129156 1773806605443887393 -2
2675749826899100676 1773806604942915857 -6
2675749825861148676 1773806605980867849 -8
2675749826937124868 1773806604904891651 -20
4079288914348177408 4638835539310937724 18
4084918310803175424 309750500580263548 -4
4087179044148836352 163374579158746748 0
4071423033899317248 35578351285831292 20
4088311523945576448 18408386262861436 -2
4088313740144476160 18124695087283836 24
4088313705518413824 18124729713313532 -13
4331337152773553668 4620973931753046264 12
4339236044307496452 145504209867571448 20
4340361944214337536 263121884874494 8
4340361875360381956 263190738830073 8
231996482633272 4575142650437435396 -22
724440252923448 4538621409648181252 -12
229780279508536 4503368747579342852 2
229788869443128 4503088363524325380 -6
724301733936696 4502592751148220420 0
794946435923512 4502522106446217476 -16
794946436046336 4502522106446094460 -32
229788835231800 4503087264046908934 22
794946435791928 4502522106446348805 -32
1181741086976 341427965008938750 34
9091668514529345536 40787104847871100 6
9082661178104086528 31780042763648124 48
9088361321260384256 8628451051289724 14
9091738986350641152 4687836007627900 18
9156731786317995776 30540533931442303 34
9156731786317995776 30400346198900863 31
9223433687589064192 9006574654053232668 18
9241448086031302656 4376874237183606556 34
9241448077474400256 4376874245740508702 46
8481663550947360 9124536905779674140 4
16925912852267040 4576464232088894492 -10
17453678433599520 4521893270979116060 4
17486646468345888 4504127379411598364 30
16923705070911520 4504408845832322588 28
17488858426638368 4503843692476595484 -2
17488862805688320 4503843688097545340 0
70025040040823828 18303817014700617762 0
9006285994991029268 9224003821627977762 0
9006289280624233492 9223719061018062882 18
9006292600650465300 9223434266015120930 18
9006292600650727424 9223434266014858302 -4
17459348060976188 18176801671539099648 -10
34383031035704380 9080621139785451520 -14
35506714605204540 8935663743116806144 -10
35508930942534716 8935380051802781696 -16
35508930808066108 8935380051937234432 2
35508896515568700 8935380086229731584 -18
35508930942538812 8935380051802761280 0
35508793234632764 8935380189510667266 -10
36170225256697630 4502613769907613728 16
36275847088246558 4484493749566615584 2
36275846014504734 4484493750640341024 0
36275847092178176 4484493749562651199 -10
18158539155270889596 161259703942122496 18
18158532549611188348 17714071479389184 26
18159662838974607484 16302307139259392 20
18159665055165120636 16018615972068352 38
18159665054907183228 16018616229973120 12
4611927393707718656 4485062378603938878 -14
4620899408590370816 2206276151526556734 10
4611857024963540992 2197304136643904574 18
4620969777330323456 2170176985767672894 22
4620967569553192960 2170179193544771134 -12
4620969777267308544 2170176985830655294 8
4620969777334532096 2170176985763431614 -12
4620969777330337792 2170176985767625854 -19
18303801810178671678 124224164677843457 -2
18303766487289693246 106245089057339905 2
18302746416454960190 89813711336012289 -10
18303766488367629374 88371426958277121 -6
18303872299080614974 88124887346870785 0
18303872316328248382 88124865804270081 -10
18303872316261139518 88124861593188865 -10
18303863503055225918 88133674782390785 -2
18303872316357608510 88124861479975425 -4
18303872316294562878 88124861542988545 -12
18303872316361802752 88124861475748479 -14
8230522935778304 9089040724352573564 18
8760418820889600 8962410038901088380 -4
8795120000769024 8944360939211759740 -8
8795670834519040 8944360388377993340 12
8795671878500352 8944360387333996156 18
8795671912324096 8944360387300172156 26
8795671912454144 8944360387300041854 -2
88159998150410009 9117056349716873254 24
4395817857358200601 215726870591176742 16
4411615640426069785 181914689022214182 22
4411615640423989017 181914689020100646 14
4411611207749287705 181919121690607782 28
4411615640426077977 181914689013817446 26
75112140535808 17941421378373354812 -30
1153003213817149440 16500262900545029436 -36
1153001014793893888 16212597673369994556 -2
1156383112560932864 16208934100626244924 -46
1156385311584157696 16208650426626342204 -20
1156385242730231808 16208650495480235836 -16
1156385311582074880 16208650426628392380 -34
1156314666748876800 16208721071461590396 -32
2247160365516800 9167081680952374334 -16
4469747621972871168 123923997936596030 0
4469782806344960000 105874415055025214 -16
4469817989639112704 87824833259779134 0
4469817990712854528 87824832177681470 -10
4469817990582568960 87824832307934782 -7
4469535411916769280 88107410973734206 -18
36346646228180741 18410397427468730368 -38
54431757076078341 18392312315551285248 -16
54431826333474565 18392312246289711104 -14
54396486670425861 18392347585952751616 -22
54431826335567621 18392312246287601696 -20
54431826334254853 18392312246288914448 -22
54431826335568645 18392312246287600648 -14
54431826335570181 18392312246287599106 -16
9284424502928269566 9089416439366295040 46
13601129143809401086 4629159560362728960 38
13608999448041021694 4620727405689314816 38
13609014824023941374 4620710938784701952 38
17735424117849116 18429008649591455744 -51
35219918043495452 9188152118811164672 4
35785058505473052 9187586978349121536 -46
35785006458354716 9187587030396207104 -47
35785075444169756 9187586961410375680 -26
35785075718634524 9187586961135895040 -32
35785075717839900 9187586961136689216 -47
35785066522348572 9187586970332180512 -30
35785075449935900 9187586961404593154 -20
74861270674390334 2163427744128696833 -4
76525931278843198 2035662293957870081 -8
76525793839889726 2026655232142082561 -16
76534710191996222 2022142716162605569 -12
76561115646737726 2017612711080526337 0
76561115650916670 2017612711076331009 -18
76561115649875200 2017612711077356159 -10
4323460049216370236 161562229691189504 4
4323464447262881340 18005593522243840 8
4324594745216206396 16312345615530240 -2
4324594744945686076 16312345886017920 -13
4324594745216210492 16312345615493440 16
4324594736592613436 16312354239090434 16
4324594745216234556 16312345615469313 -8
4795069915166 4521327755833318656 18
4795069915166 4377494042734173440 32
567675762769950 4376649687064640768 42
567469066420254 4376649893760957760 36
567744484343838 4376649618343034144 16
109084445784998204 2768715716104699392 40
110205947645329724 2483867437720026624 44
4331952565584128 9164856149124873276 -6
4048511503947202816 545019376334830652 0
4039468981803483392 536047499969068092 18
4048458589950116096 509184230801308732 6
4048546549802402048 508955535608151100 2
4048582010126139648 508920073136962620 2
4048582010130202880 508920073132867132 0
4048299431330185216 509202651932884285 -16
1297043299584843264 378225393052770684 12
1297041091939538944 378227600698058622 16
1297043299720895488 378225392916702077 20
4468705750630006847 34611302235275008 48
4473244697772178556 4659492396581715968 28
4468705845053242492 70359629382746112 6
4481125997120076924 40488028759851008 24
4482251897026657404 38799178899849728 22
4482251896757958780 38799179168547842 18
2256232558649468 4482484571372232192 30
4432744964220 4341184133063482880 2
4529988446240304 4353969286282428876 24
4565172817803312 4335919703401383886 38
4565172818066480 4335919703401120717 26
36259372287657475 8682428031324796988 34
36262662097339907 8682143266538403900 40
36265977947358211 8681858475711740476 40
36265908686816771 8681858544972249148 34
36265976598889987 8681858477060159548 38
36265977947357187 8681858475711676220 38
282597188633918 4341187443596490752 16
284796211757374 4340622294619946496 26
4475499646521648702 4621419757045848064 12
4467635939359794750 35611844289796096 10
4484522221625091646 992638491727872 20
4484462865311278654 840888573007872 2
4484524436884489790 708948255635456 22
4484524437895192638 708947244916480 16
4484524437962425918 708947177683008 24
4330651415598873660 245005805809500160 0
4332342464478198844 99199568854351872 24
4332342464478198844 99199568854335488 0
4332342464482392124 99199568850125826 12
36455036448605698 4358495249911527484 14
36523206169527810 4340975631634544700 10
36525405188589058 4340410482662094908 10
36525405188589058 4340410482662078524 0
36525405192650754 4340410482658000700 22
36525405192782848 4340410482657868351 -8
8944170970517873788 152255851840362624 22
8936289671169975420 34036361621887104 10
8944166538111624316 8708046124177536 14
8945296870424453244 7014763857927808 10
8945296870424715264 7014763857665278 14
104760278727936 13617936087955276319 -14
18147737466912000 4377084023865737759 -10
18151023133735936 4376799263222203167 -22
18154342620273920 4376514468763148831 -20
18154343158186240 4376514468221058591 -14
18154343159241984 4376514468219986527 -16
18154342621318400 4376514468757910079 -16
18339969075897176072 106493522835434532 32
18338847608396582920 35838871274810404 38
18340536458256842752 33868546437839932 32
4513519745319420 8678145086835670528 20
4513794625323516 8678144262208241152 22
4513519206875644 8678144537622494720 22
4513795699048956 8678144261126159872 28
289431344873734144 17940292218945207551 -48
1447982383508750336 16349395616082623743 -36
1441231347486031872 16212594413982907647 -36
1449103859430457344 16204161151108316415 -38
1449117070918680576 16204146840108465407 -48
1449117019345518592 16204145796464966911 -42
1449117079475060736 16204145732057234687 -52
1444604666574798848 16208658144940784895 -38
63142909284977664 18310695834019754751 -28
351368887390178304 17878917617792119551 -24
351368870210309120 17878356884041822975 -30
352494770050042880 17877228793768768255 -30
352499185309713408 17877224374214130431 -40
352499185242868736 17877224370002785023 -32
352499185276160000 17877224369952847615 -36
352499168130108416 17877224387098833663 -30
9259591980201583678 9187152089162455040 -24
9260154930155004990 9186307668527290368 -24
9260715646450697278 9185746947936647168 -10
9261283029085102142 9185179565302226432 -18
9261283028949828670 9185179565437499456 -8
3645714067863552 4553715633854350398 -38
4142693323618304 4517189857579631678 -18
4177877695707136 4499140274698060862 -26
270213370591232 4485315015490405438 0
4213061797249024 4481090692087053374 30
4213062033848320 4481090691850438206 -4
4213062067664896 4481090691816621374 4
4213062066739200 4481090691817546878 -18
13775681708277952 4037493658088193599 26
1166626679863558336 2344210704648453695 26
1153151203060924608 2339671782941605439 20
4467597270977640448 71749678401520956 38
4468714357611591680 70069641847702844 24
4468723170884452352 70060828541320508 36
4468723136254195712 70060863171544508 28
4468723170884458496 70060828541281660 36
577030498408085054 1476329456696133888 -8
576500516489410110 1459126515082037504 0
577065682780161598 1458279873814591744 -14
577065682780165694 1458279873814571328 4
577065682645693502 1458279873949043457 -14
18215082303269410816 15488988326356032 46
18215082302865704960 15488988730061856 48
18215082303403630592 15488988192136208 50
18215082303404683264 15488988191083528 47
45058029725043768 18329346974969831424 -22
63143072932432952 18311261931758280704 -6
63143071856086072 18311261932834598912 -10
63143072932318264 18311261931758363136 4
63143072932318264 18311261931758362880 -10
63138640255650872 18311266364435030144 -14
63143072932446264 18311261931758234628 -8
63143072663488568 18311261932027192322 -2
4612838427075558462 4339754682183532800 24
4620746045983046718 2170119242138206464 -6
4612873611447647294 2051890887107232000 22
4620754910795545662 2026558139203272960 22
4621880810702372926 2024869289343024896 45
4621880793387244606 2024869306658152768 9
4325739504307748992 33463460010179644 22
4325739504307748992 33181985033468988 30
4325741703330873472 32898311033634364 40
4325741703330873472 32898311033634108 40
4325741703330988160 32898311033519228 22
38280711698286142 4356528287417726976 10
38280711161415230 4338654626933471232 20
38280711698286142 4338514438664058880 16
38351320893390910 4338443279713140480 32
38351286466413630 4338443314140117505 14
4325712814604959262 177042387835355169 10
4323456616744762910 35746347573116961 4
4326838162059050526 31801852305440801 0
4326838438553861662 31801575810613281 8
4326838714511670814 31801299852788001 4
4326838714511793694 31801299852664929 0
17293928604766176770 71107133444307004 22
17293999249470391810 71036488740075580 8
17294069894170279938 70965844040171324 34
17294034640944366592 71001097266084415 16
2163105452281169470 6933602845053761536 -6
2167547204379477566 4641332482251241472 -2
2166487550048208446 4624940688026449920 22
2167617847726835262 4623247440394418176 0
2167617847934320702 4623247440186916608 24
79336920718336 13834978718361387777 -38
36213755775425536 9187158281079292673 -40
54298523016502272 4557387495410860801 -16
54298488394619904 4557387530032726785 -30
54298523021737984 4557387495405600513 -18
54298523028556800 4557387495398773537 -38
54298454040118272 4557387564387212049 -32
54298523026325504 4557387495401004809 -34
54298523028033536 4557387495399296773 -30
143938326104319749 18302805745449306112 4
143938326373803781 18302805745175644160 6
143938326372755205 18302805745176680448 4
143938188666406661 18302805882883024928 24
143938326644203781 18302805744905227778 20
11022833260522692608 7207453257561414900 42
11022837649945714688 7206888117208227060 38
11022837649912160256 7206887017730153716 48
11022837658518872064 7206885909611879668 38
18375311110576225336 71150388644937728 4
18392762559132286008 17951618046623744 34
18393325474455436344 17107227746779136 8
18393325509051759672 17107193150439936 32
18393307882472684600 17124819729514752 28
18393325509085699128 17107193116500032 6
18393325509018333240 17107193183865860 34
18393325508816746552 17107193385452546 12
72918637258156159 2178670070194525184 38
72909775125817471 2178678382571082752 42
72918571591739519 2178669586105128448 42
72918606052403327 2178669551644464384 42
38530103711120920 4554578566253314308 -20
900976098141814296 3548580333700186372 -24
904355996881403416 3544637485007208708 -8
904355996885581848 3544637485003013892 -10
904353780547198488 3544639701341380932 -18
904355996885061120 3544637485003518268 -24
904355996885597208 3544637485002982150 -18
72346898959905024 4476288724684246140 44
2089959532021874944 152833082408598652 46
2089959532021756160 152833082408701564 51
4541348440418820112 70337578008548364 36
4541489453863010320 70196564564341772 42
4541489729817804816 70196288609530956 40
4541489729279885312 70196289147450428 34
72909746336105217 18373834327365021696 -6
72909745667121921 18373834328034002944 -14
72909746338996993 18373834327362126848 -6
72909745800807169 18373834327900315680 -14
72909746339775233 18373834327361347600 -12
72344588739485953 18374399484961636866 -2
6760134414067262 9089663389409286401 -16
13531066033726 8952857754634885377 0
6755719187686974 8945554815583066369 -14
7894821823997502 8944414613435128065 -26
7894829872842302 8944413505874688257 -20
7894554458064384 8944413781289433471 -22
17942625882581958687 161844619447405568 54
17947133880255447071 155084821960232448 56
17947133845828861983 155084856386817280 56
4541348440416714864 70337578010645508 34
4541489453860913264 70196564566430724 32
4541489729815707760 70196288611628036 36
49760472697537024 18179964194944793916 -16
52007891644580352 18033601587921894716 -16
36249690995294720 17905807550448745788 -14
52003476418200064 17889493014095674684 -20
16972500684374528 17924521790806277436 -22
53071942942327296 17888422348548308284 -10
53142587644182528 17888351703846436669 -14
