580102317329548068 8083978940801104920 2
2315109675727520548 2025515940127456280 -12
2894882019614851876 1193542017107377176 -4
2885945326543242020 1184464311669505048 -6
2891568186058015524 1161390003598670872 -26
2894950326774727460 1157726387905248280 2
2894952525797982980 1157442713905282168 2
2894952525797851424 1157442713905413662 8
4332150907587283104 4620723672353485852 30
4339469256981760160 145834492607476764 24
4340947000609491104 36270357922853916 16
4341052278847850656 18150681175012380 24
4341158106842007712 30454671406108 20
4341158106842007680 30454671373436 46
4331562087312268288 4639045420456288312 -8
4339452217180036096 163584460236988472 16
4340516544435723264 54433741924409400 -18
4323693981902576640 35790457392013368 32
4340586913175706624 18334576165494840 10
4340516268479880192 18405220861304888 4
4340586913179631616 18334576161537592 16
4340586913179898880 18334576161269820 -22
4340586912910940160 18334576430228538 16
9022966449355623436 146361840054776112 6
9007203850659826700 36023649184198960 52
9024655299215622156 557802118922032 14
9024655161507973120 557939826570558 12
290789280478359552 16154667708818394236 -14
4900223499092062208 2898322205653339260 -4
4900219083798310912 2322991768550509692 20
4902475298901524480 2319609653540486268 8
4902475298905485312 2319609653536493180 -12
4902457672292724736 2319627280149253500 0
8486539410809405 9088291574765001984 8
16943982851662397 4540205706934689024 8
17511055435768381 4467721777801010432 4
8451217599767101 4476711246892834048 -12
17510848739418685 4467581796764818688 -10
12972270363615805 4472119827532291328 16
17511261591052861 4467580834157403392 16
17511330849489469 4467580764898950400 16
17511330851594301 4467580764896829186 -20
8530402641379328 13736174185108225052 -14
44133104544841728 4549257040387914780 -10
44629843282427904 4494717106121882652 4
36254038579937280 4485359987291601948 28
44700486902415360 4476632063992429596 2
44135329304215552 4477197221590613532 26
44700482592571392 4476632068302257436 10
4331374330035700260 4620937304246664216 16
4339255629383598628 145485174547233816 4
4340346344918352420 18293669446106136 -4
4340379330267185700 809235541212184 10
4340379330267185700 527760564501528 4
4340381529290309668 244086564667160 -8
4340381529290441220 244086564535416 5
4340381529256755232 244086598221342 -8
4340381529155960868 244086699015705 -22
4326873027696264704 4679763277087053852 34
4352768725553645056 186296748878141468 24
4350512493333710336 45000742975641628 -14
4353894591033507840 41055695322423068 1
4353894625459830784 41055660896099870 3
105874423241640988 18304840300459274272 -10
9007239086739426332 216132397125677088 16
9041015946505751580 146326741414129696 -6
9041016083944570908 146326602901569056 8
9041016049517726748 146326637328412960 -4
9041015946236790784 146326740609348670 -16
22308567002748 4336099707660636160 -10
1161951149867544188 886342255655882752 10
1161933282803592828 872849323837722624 14
1161986334239624828 868292672774336512 12
1161986334239629436 868292672774315776 22
1161986325616011388 868292681397933570 18
1161986334105152636 868292672908792321 -12
18302666286284733440 71737605963120888 -8
18303794368034962432 70328049236181240 -8
18303789987168320512 70052054637740280 -14
18303792168944598016 70048781939769592 -12
18303796566990844928 70044375337142520 -10
18303796584170715136 70044358123848952 -16
18303796584237825024 70044358056608504 -18
70044358056347900 18303796584238085120 10
18303796584238086144 70044358056346874 -4
4331599687647191072 4620711946635189276 -20
4339489748728373280 145251055202475036 -20
4340412719751979040 36241693121977372 -24
4340589260356149280 18050754008325148 -24
4340622297244590112 284793587112988 -20
4340624513443495968 1102411529244 -2
4340624513447452704 1102407540252 -14
4340624509135773728 1106719218972 -30
4340624513447706624 1102407285884 -30
288284208935681584 8664027425346682892 4
2305896841997663792 2178843961933168652 8
2594126596977147440 1746499018877861900 -18
2594126942191435312 1746498673663557644 0
2594127213837434416 1746498402017542412 -6
2594127200834231808 1746498415020744828 -14
2594127218115688496 1746498397739288078 18
2467960902691900 4482272843028172800 -6
3523492065356860 4373130920808615936 10
3523492065356860 4355116522299133952 4
211728682757180 4340976837125672960 20
3593859729493052 4337031756125532160 -11
3593791955574844 4337031823899434496 -6
3593860809526332 4337031755045482560 -6
3593860809009212 4337031755045999618 14
4330463809129561212 4621847825152753664 24
4323620172802440316 35019841561968640 44
4339484202523835516 1704363284512768 18
4339488600536661116 1137015318331392 14
4339488600029281404 1137015825678336 26
4339488591946711164 1137023908216320 34
4339488600503106684 1137015351820544 22
2420736678137096 4500897415715627520 28
2425160628669704 4500611516788384256 32
2427376961817864 4500327825478541824 26
2427376966009096 4500327825474338304 34
2427376966010120 4500327825474333200 32
2427376966009096 4500327825474334212 30
2427239258097928 4500327963182245378 30
4331457827068394812 4620853807213969408 0
4339347853789838652 145392950140993536 -10
4340447365417614652 18192648946843648 -19
4340478220462669116 710345345728512 -10
4340482066593299772 143549261709312 -14
4340482618238647612 142997616345088 -18
4340482618508787004 142997346189824 -14
4340482618508123452 142997346852928 2
8951172927456679424 145253892745668732 12
8952087721130989056 36252708014467196 -2
8952228183741437440 18097846894536828 20
8952294394957272576 580187122641020 4
8952298827361424896 12804765083772 12
8952298827363389440 12804763103100 6
8952298827363389440 12804763102846 12
496176117153663 9252712208260530176 9
460785586634623 4641061580363661312 31
320322976186239 65544821565685760 31
18510368468205439 15829578682073088 4
18543628694945663 11855668781383680 10
18545827716087679 11290519806820480 6
4473459624058105912 4622967198300113924 22
4482255165177016376 38514435772779524 -8
4468850127717085240 33905074723228676 0
4481338715792814136 3965038091439108 4
4482464624289591352 2557654617951236 18
4482466823312834616 2273980618013700 6
4482466823312838656 2273980617993340 5
2025711799501073468 6926599834781290752 -8
15998092332772412 4468742711598059776 -10
2034525381630110780 2342129031243829504 10
2034666256557419580 2323973757807038720 -6
2034729985248603196 2306458580559794432 8
2034734409098472508 2306172681733214464 -7
2034736625293208636 2305888990561800448 -10
2034736625301589052 2305888990553403648 -10
2034736625301332028 2305888990553644800 -24
2034736625300540476 2305888990554435904 -10
2034736625301596220 2305888990553380098 8
18320749319912382588 53652373245271552 16
18321875219818700924 51963523452640768 22
18321875219819094140 51963523418693120 22
18321875219819094140 51963523401915904 22
18321875150558658684 51963592645606912 38
18321875219819208828 51963523385024128 10
4467933665616660480 4629196842027463742 38
4476870358688270336 44602927547429950 30
4467863021994575872 35595865731642430 40
4476870220711395328 8715005993696318 38
4476940589993494528 8503901370725438 28
4476940787393824768 8503701822912062 30
4476940864871270400 8503624345466174 36
2025670475645193276 4639375497886380032 18
2039216733777300540 2319986230540578816 -10
2051636817124658236 145838326055383040 20
2017789451175201852 71599300947947520 34
2052762647770958908 597307333259264 6
2052762717027306556 597238076895232 -4
2052762717031497788 597238072688128 4
2052762717031499836 597238072685570 5
8980411358067825684 152607211262771456 29
8972459689975749652 34458089788473600 26
8981537257974406164 7366123280335616 6
8981537257974664212 7366123280077088 29
8981537257974661140 7366123280080136 31
8981537257974667284 7366123280073986 33
4475531513529121852 4621176234049994752 20
4484485936225729596 18550191435481088 0
4484556303621438524 465425530306560 2
4484556304834632764 465424317096000 14
175477881864192 13617865370356365368 20
239215196536832 13582335785976150072 28
242548091158528 13582050978104817720 10
245846621847552 13581766204597434424 18
88374328189024 12752135445548080272 26
88374328189024 12175674693244656784 20
70643629449312 11887462047791684752 18
88374328189024 11600339840848075920 26
52003208813362196 13710152827500691456 4
42960894040226836 9107509123846438912 36
70052860548619284 4468731138910658624 16
70052860548615188 4468731138910662688 12
70052860548620308 4468731138910657544 16
70052860548626452 4468731138910651394 28
4324585031243145340 4627726598744284160 40
4332466330591043708 152274469044853760 34
4324585031243145340 34054978826378240 40
4332464131567788156 8724429945674752 10
4333592195867607164 7033415692450816 6
9308595084517376 18310770635298574584 -22
4611987414257164288 4502734177780633848 -8
4620992405831081984 4475715887208861944 0
4620992285639630848 4475714912183652600 6
4620994596296515584 4475712597231866104 24
4620994578479505408 4475712615048812792 -4
4620994596264140800 4475712597264176376 4
4620994544657948672 4475712648870367992 0
4759762831974436 8946707446520290328 2
4048921722027548708 326888265916292120 16
4035375532614918180 322420056819440664 14
4048992228206477348 290788962718415896 0
4048992228209623044 290788962715253880 11
4048992228210679840 290788962714197022 18
8952036937120100384 9241660028719959068 10
8968960688948523040 145479428112616476 22
8970084381242175520 803497696529436 18
8970084389832110112 522014129884188 4
8970079991785599008 246036711312412 4
8970086580248653856 238353031597084 -2
8970086588855353376 238340129946652 8
8970086588720091136 238340265192572 11
4538870838599680 9109902350029102136 30
35271211229184 4538748728248048696 34
31560468602814464 4471194733837515832 32
31560468602814464 4471194733837499512 20
4323483269417604158 35578957411919872 10
4323486567952487486 35294183900325888 18
4323487666914661438 35011609961474048 14
4323487666115646526 35011610760472576 18
4323487667463983166 35011609412120064 8
4323487667447141438 35011609428961536 24
6769818136150336 4334418747672295952 46
6765385459376448 4334423180349037200 48
6769818134053184 4334418747674360368 46
296717778050548796 8674171204694745088 6
2340296753665737788 2163021398728024064 -20
2629650813385901116 1729833625908715520 -10
2629652959659492412 1729550004658417664 -28
2629652719813985340 1729550244503922688 -24
2629652995297313852 1729549969020592384 -16
4323490964625694844 4629382520098462720 44
4323473406866497660 35728457939753984 46
4332515790491222140 8671675805563904 40
53159071692382272 9241426134270155964 -26
62183931986862144 4620715255548288188 -20
57653788924731456 2319402389396724924 -24
64435663081070656 1159699010633538748 -22
67820028590841920 579853892820343996 -20
70082823520804928 289360721738669244 -30
71206524404392000 569594656791740 -16
71207623916019776 287020168453308 -30
71208723427622976 4445680172220 -28
194411593415804 4520575185061412864 34
264711077051516 4484476088558845952 30
264780067060860 4484476019568820224 28
264780337462396 4484476019298402816 14
264780337462396 4484476019298402560 24
264780337592444 4484476019298272258 34
44083948029956 4520725517001765944 32
8830722246660 4502746371718067256 34
114452692207616 4484626351238624318 22
2021048965210253116 2346598248408946688 24
2024426664930780988 181492727550580736 40
2025499788279490364 45311615380756480 -2
2025548166791112508 36818987567814656 -12
2025552564837615420 36251639567906816 30
2025552564837615420 36251639567890496 36
2025552564837491004 36251639568014850 28
4331554799880767232 4620755721954588927 -49
4339453691414710016 145286000069114111 -48
4340368347381105408 36284953045826815 -64
4340509222577374976 18129679340075263 -48
4340575193275041536 612260086348031 -56
4340577375118427904 328603266251007 -52
4340572994251785984 52608667810047 -58
4340579574074050304 44937923852543 -59
4340579574074574592 44929366948095 -63
4340579591254442240 44912153657087 -63
4340579591321551872 44912086481919 -64
9259596253806184700 5791715175842722816 36
9277628175513798908 1166500835335091200 36
9277663291434846460 1164213919600358400 34
9277681012436224252 1161944398785295872 34
9277663394446821628 1161962016774698240 42
8964615440124820540 149824681231253504 2
8938579004779084860 67774725520097280 8
8962357000291695676 8530882941943808 -26
8965734730076994620 4591302714851328 -12
8965741340023274556 4583593256976384 2
8965741340031532092 4583593248686592 -6
8965741340031466556 4583593248751872 2
8965741340031137852 4583593249080322 -4
2503522828738048 8655948235767750780 -28
3470222321638497792 612572215549567100 -28
3470186930298461696 594593208380121212 30
3470275166916107776 580994172880363644 -36
3470288430043553280 577603210032390268 -36
3470288430043553280 577040260078968956 -22
3470292828090056704 576472912079044476 -14
3470292827819515392 576472912349585660 -34
3470292828090062848 576472912079038078 -16
3470292828089801728 576472912079299197 -52
1155389123597457408 3329914078375158908 -14
1157009812326733824 3220206998588990588 2
1157009536370874368 3202192876035368060 22
1153137332373706752 3188332156499764348 -14
1157009536372983808 3184179027279590524 -28
1157079905115068416 3184108110929175676 14
1157080179990861824 3184107833914287228 20
4512551180772414 8965813481610942464 16
4547804238783550 8947763830043580416 36
4547804001797182 8947763830280452096 27
4547804272336958 8947763830009896448 12
4547804272272446 8947763830009960704 20
4547804272329790 8947763830009903168 32
4514604977887036 8983824722500069377 -20
4514742685275964 8965810186283198465 6
4582912406198076 8948009093029505025 0
4582903816263484 8947728726154356737 -8
4582903782709052 8947727630971250689 6
4585102805964604 8947725427669805057 -6
4585111429452604 8947725419029539843 -14
872682803159957792 8079486444366609951 -20
2321733609879306528 2162864807295729183 -14
3187480132058153248 1189031894059990559 -18
3187515453869195552 1170982173739466271 -22
3187546205835034912 1153499973217566239 -22
3187427218061066528 1153196748526468639 -18
3187550629584240928 1152933699026566687 -22
3178472656849666336 1162011122005327391 -16
3187550638237090080 1152932590862122527 -16
3187550638239187232 1152932590860008991 -28
3187550638241284352 1152932590857895551 -22
