4639681783493820415 13733876597247705088 58
4927907761599021055 13301537630089904128 58
70782206113792 18446673291503436031 -44
18446390712736742655 353360972742656 52
353361006721024 18446390712702763775 -36
353360973428736 18446390712736055807 -44
4326860057839949824 9503694397814843263 -36
3439599936362496 9215428837291042687 -30
4341470076292061184 270215942135326591 -48
4344909640719407104 262272778080610303 -38
115093453351190018 9090264184994071037 -4
4431705493659467266 179980524767887869 -2
146097698494742525 4447573921423163394 38
9018793610377519481 186001078014353030 0
9010885923157139833 67807975668358790 16
9016550675917398393 44691774352039558 6
18367010374802184448 79452223930656319 20
18365882258556950784 8804221114672703 22
4711136197778932095 13590929737901342208 26
4747306284202140031 13554759651478101632 24
21166679941184 18446722894144708415 -54
27763749707840 18445590405758033727 -40
33261307846720 18445584903904927551 -46
34360817360896 18445583800100446207 -54
302533285838860 18446441540423712496 -48
19954418584588 18446724119290966512 -55
302533285447680 18446441540424103166 -53
18410887538007917696 35855436173228671 6
18412545610065429632 33916988650633855 6
18412574197334197376 33887301887015551 0
9110861573670308882 9335882500039242212 -10
9111989681223893010 9334191442532237284 -2
9111989681223892994 9334191442532236796 -4
9111989681223896080 9334191442532233703 -4
222519758462687760 8964823481373123951 10
57644885239921664 18388817713492918782 4
54268263404067840 18320418216267555326 -8
57647006785600512 18316757997909312510 6
92377299566720 18363335103303630719 -36
1446786071540023424 16349187856014491519 -36
1445761326702936192 16343457201410523007 -24
80965106449842945 9142406380640730366 10
107863317384856321 4503822701034142974 14
108004329753215745 4503681138918358270 2
17185312853057888504 1261431220634885127 38
17902901406812953857 291641087763849982 -10
17904594654719728897 145832651781219070 -12
17905716121949773057 72653590513246974 -18
36269206716196606 17906071708727859457 10
4508337823345918 9218863699014652417 12
4539111230467326 9200818527114826241 10
97731657928278140 18349012415781273344 10
13692700158905515776 4645676048770433279 8
13710147174784777984 88600608501711103 8
13692700158905515776 70018827362009343 16
13709023491216334592 17948173008937215 16
9183245795486925950 9263498278222625280 22
13731069108574025728 4643617371097597822 6
13731069039720200192 4643617439951423103 -22
35536500688945584 18411207573020606020 -6
35536499613106560 18411207574096444540 -12
35536500689082800 18411207573020468294 -12
35536500689083568 18411207573020467525 -32
17110478479099900 18393604798211487744 -2
115874848507900 9223256162006267904 -4
35160052737050108 9152183187098761730 4
35158957536969980 9152184282298841857 -4
9279296069843600125 9167448003865885696 10
9279578648626905341 9167165425065803520 10
9279578648626905341 9167165425065803266 16
9108066615043557889 9338677458665993532 18
9108066615045654529 9338677458663880510 12
9296463007366873472 8393676328944434815 16
9295893391087337856 8250130757148114559 12
2145702230217215 4573511519178206720 16
105962651534503999 18340781422175031040 -12
124043262071406655 18322700811638112000 -8
142132737957695551 18304611335751806784 -2
9152233004655706639 9294511069053762800 6
9152237411292151823 9294506662400540656 10
2330188994264320 18371511865747227391 -30
2017684382189436160 16212605434429620991 -36
2021065419116395520 16208942922525950975 -34
18338843022177242626 35843457494380861 6
12476464515211328 18433986134217629373 -10
9100980997808192 18365585498673815229 -2
13043846874751040 18361361157820161981 -12
7428722710705664 18348961883474725375 -16
43031461129811456 9162044702238771711 -12
43492980057617920 9107539987782519295 -8
43035859176322560 9090264185131043327 -16
7883662962490368 18438578935770317695 -32
4545457978368 18374681934213612415 -40
8451010958196736 18365953993736716159 -40
8451010691873792 18365953994003006463 -34
18412049644203931711 34694429505619456 22
18412030922391353407 34713151318197504 12
18412049652825700415 34694420883850368 20
18412049652827789375 34694420881761344 12
63597941871444352 18166973349724323454 24
16899726386806396 18429844347322712321 -26
53069812797290620 18393674260903839491 -24
18231039364509728636 71589521123966977 2
63279964152971393 18238785971527303036 10
63138674786567683 18238927260893706620 10
18429153750535429630 17585916537610753 50
18429153750568983806 17585916503991041 46
18278386576702251903 168357497007250432 34
18278386577775985535 168357495929338880 34
4710859138504161407 13735603460228646656 2
4710858034680723583 13591770850952939264 14
4711422087916486783 13590925322740498176 2
4711422088455469183 13590925322201483136 10
6790543109521079998 9313766208002392385 20
4633310091917590206 4553470197964800321 20
9249585791021154428 9197158282688396928 -34
9249305420002245756 9197438653707305344 -28
9249587998802524160 9197156074907026686 -28
18410803418312082946 35940655397419389 12
34876396320143741 18375838880370427394 -6
17926118368936317 18392789158321618434 16
18374704115109988094 36011161580550401 16
4620781592480849150 13753341937237353216 34
10348356848197665539 5792544216298175612 32
10361929219730932483 3473128835551214716 30
10366441615447130883 1162773430621338748 30
18158718008712362241 71571807906694910 16
18162100106479401217 67908235162945278 6
16278146047171463485 1880367650386376194 32
16281545754371262781 1588737567034865154 30
16284945461571586305 1297107483682829950 30
72432997016092926 18374311076693327360 4
4013364582184568 18424716310617885060 -16
39971792856970872 9183400243997804932 -18
39477004000850040 9165880634344443782 -18
40042161600885880 9165315476744407941 -8
4712831636830385919 13301566872651597824 4
4717326301852038911 13008841831478233088 16
4718461136364599039 12863591808889817088 18
4719595832297222399 12718341924881338112 8
72221205744633086 13762836849537530368 14
126056052481941504 13709001453044408063 14
116960581914271744 9106410905184689919 12
134992604882886656 4476693413544500991 16
13259376479765249 18415470298720304252 6
9083509026003944193 139863010850831484 28
9092516225258684673 112841413086609022 6
9114795272504477310 9331948801205041408 -8
9114795272504484990 9331948801205017345 -10
9257467089497186624 9117219390174437052 12
9258603984520307008 9044024901113388732 8
18160826224437305216 213015830304186495 -2
18158567784299961728 71722032319095423 -8
18161948821497454208 68059520144892287 -12
9187493368923067904 35878667931691391 4
9189185521623734016 33905040254331007 4
9023266749901797441 182090888443496380 14
9008069300182677569 71187548596242364 36
9151899623859035648 35443615976776063 6
9088361201877558528 9250015005798390527 6
9079283633878639872 71749333961497343 6
64984344751554688 18381759728957996860 14
46899301542168192 18399844772167383164 -13
64984344751554688 18381759728957996606 10
64984344751686784 18381759728957864509 8
2318329200765049601 10359303750282896638 -34
2345404126999124737 5720542805621433598 -10
2370257487833373441 2236924930966643966 -26
2369109597693975297 1089654916126565630 -22
436096295900348799 16281265520898932224 -19
5063456952093311359 10500983360099122688 -2
4640206548050706815 10347773011838303744 -6
8942784844299977727 226543997026352128 26
8943875559834731519 99352491925224448 22
11422459848931983612 7024284224777567744 16
7025418990037827584 11421325083671691260 -6
7025418990003763200 11421325083705755390 4
7025418990037711872 11421325083671806717 6
324683058618139069 17905888232977628674 0
2369387934140170685 11393612527104065026 10
2657618310291882369 10961266962876497534 -18
71726558865391616 18375017514844159357 12
71726628092276736 18375017445617241981 4
71726593495674880 18375017480213843453 6
9224849047845960061 9221332075910137346 -4
9241730949378832765 4593327105903298050 4
9241728681095004541 4592766424233737730 4
9242863446353328385 4591631658975381246 -2
17740960781918335 13745259500462317312 -22
8769014752960639 9142545428063887104 6
4576177984710352640 35508033717035135 22
16892905307375487 13782136352955824128 2
7920959278417791 9179422280557393920 2
39659930519423 4611646358496868352 -4
44095573066579710 9179276463788195840 4
77785231487 4539628346604228480 16
35547035744256 9205322091309533183 -58
9187131287747364863 211952088430592 57
9169081636416880639 247204909449216 57
9151548565054293246 71823471800433409 24
9167169874345854206 38187763999423233 26
8201266057322239 18438542807635386368 -20
35310815926951679 13799747239355146240 -28
35310824717295359 13799747230548090880 -18
35310824684519679 13799747230580801280 -22
11349324151260702 18417380351048808864 -22
4649986571598693918 4573385465256081824 -8
4659064139597612032 4546293498747681727 -26
18443348907214219647 3395164347831808 34
18443348907214211455 3395164339467776 30
4611969150543279103 13618602141052472320 4
4611978014548362239 13618593277047372800 8
3651001047620353 18443092797784007806 -10
12623014319659777 18416106660880393342 -10
12516910902287105 18416212489419859198 -28
18375026543591358720 71717530118192254 16
18375176698344864000 71567375364654718 12
18375176698342881536 71567375366636798 12
182002918391856641 4429683100035531198 8
182002918386605569 4429683100040782206 12
8561306391938562 9196796331953355260 -24
4467617242742130178 144068775685257724 -34
108532283919694335 4485139335998211584 34
12476308891082301 18433986289841758400 -20
9100842821983805 18365585636849639616 -20
4018865651417149 18370386139043495872 -10
12408027466799105 18361996977228113662 -24
4548402473042919168 4656814427814019327 18
4557392011392139008 54153269546893567 12
4557426439312062208 36245180605843711 2
37304454462635008 18409439619246916348 -18
2199032275599947776 16175654204071675646 4
9092865758393744896 9281820721277878463 -4
9146907850098737152 4406592718110655 -4
9146908953786916352 4405489029931263 -4
231736794994769982 18215007278714781440 8
231736795061748798 18215007278647802369 -2
9205029603901962431 9241714469807588352 2
9223043993787562175 328043067213312 18
9223042898520766655 329138334008576 12
9223044002411419839 328034443355200 2
4484775186810355839 9277662324480458624 -28
4475785648595615871 4674965844267810688 -8
108580808728231808 4502542259745734783 20
4467915344363995263 71713080025464704 12
9179274359491092604 9267469714218458752 14
9179274368047737980 9267469705661813120 8
9179274368114976768 9267469705594574078 2
116508554523410816 8962185344302087807 8
4150599124647510400 460523943826456191 14
4143850322276221312 323720508075310719 4
70017624438258816 18303824430303232895 -8
16492323133521560064 1738248158074207615 -19
16499113717334704640 1299112010033495423 -2
8962569236932666367 9268002050368134144 12
8998739323317855231 8459931423136768 -8
8882973738655 13654905187213605216 24
44899259910828476 9178472776943947328 -17
44899122203046272 9178472914651729022 10
9178755355743963457 44616681110811836 10
52789015905920 18446549722571569535 -26
149896726144 18410714302160140671 -40
52925381117568 18410521338943207807 -28
17603033204352 18410556386413214079 -24
8137015842880512 9161191825483449343 -34
4484520979490946048 109150640426959871 -30
4467738517196815360 107918704211608575 -34
145963670887552 4593525656247018367 -38
145687715028096 4575511533693395839 -36
542218907117944576 8662997993738993919 16
2847991547587460864 1763553733351571711 6
2847991547587460864 1745680072330445055 4
9266902314340499134 9107502690354413825 -8
13590916474163347134 4711430936493637889 -20
13583037391018573502 4647533900577194241 -18
4638805960096047487 13591483856523009664 20
9272801294541691916 9173942779167859506 22
9277688256614660216 4557088323690792838 20
2162438941875826302 16211121637888954625 -32
2175391188851027582 13964383975737987329 -24
2175380193734749822 13893463276723179777 -18
2175817247180336640 13891900323370750463 -34
18419596786808701182 27147286900784640 40
4638833305327778816 4584538731526996734 -34
4638833305328025600 4584538731526684670 -40
88372069554969856 9080956771771359999 4
89860118679870720 8971382331589567231 -14
89966085459385600 8953261966300570367 -18
17910960319332874879 535502279399965696 -2
17910958120309619327 463728359362003968 19
17911523269286164607 462881735408748288 -4
17911523269015747199 462881735679165568 -4
18406344902680723327 40399168877117568 44
88268392009172480 18322446884681382271 -6
9284488532504807172 9162255541204744432 -22
9284488532504291076 9162255541205258488 -26
9284488532505735428 9162255541203814130 -10
9284205953706243076 9162538120003306481 -34
18233269122452551936 177446154238035519 2
18234968976048494848 31631112566236799 6
9295336823889297664 9151407249820253310 8
9294771666295292160 9151972407414242942 6
9151689828614094207 9295054245095440384 23
107918592480672828 18338825481228878593 -12
107918609423678524 18338825464285807489 -4
89833566484708412 18356910507224777537 2
107848103242135612 18338895970467350275 -8
9293637107733332351 9081049371938290688 50
9294765215286919551 9007863670346775552 50
33869821450928383 18340816658220694528 8
64319515514534912 18382354188375000063 -24
53060516446108672 17240762051580756991 -46
71074914146073600 17222677286210356223 -32
71074914144095232 17222677285140689919 -32
9294845467978153602 9079841011693453692 28
13618017444877352578 4684611440756326780 2
13618866266505511042 4611705025090256764 12
4611705023741755775 13618866267853995648 4
8518343046529393 18329857864629419662 -6
26004975974678897 9161056788884422286 -10
8483021235487089 9142549946604650126 -10
18121477603524977 9097164168194358926 -6
9292301519149629695 9153598129613012736 18
13758744241947574527 4615660762730561280 32
13759870133162770687 4614253396538654464 26
13759872336582705407 4613969718158786304 20
31878420016406655 18414865653693095680 -21
68048507500765311 18378695566200381184 -16
49963464295448703 18396780609405681408 -30
18446739288997027326 4784678773249 52
17969733363317802243 332332572362472124 28
11457440306782864643 2377054798545877692 28
11025659900155594499 2665282967050713276 30
2665282958354979456 11025096958897907071 -30
1311239163910687 9222060797690864928 -2
4645833710720461631 13728852768951129216 14
4646961809650559807 13655667075983103104 18
4647524759603972927 13583046531991762112 18
43008250991541886 18403454347741233281 2
43009333323300478 18331677146348257409 6
39063186057526910 18335341818637385857 -10
43575598991343230 18330829405703504257 6
18429774116047933568 16969957661617788 32
17537340289589372 18357149139382034304 -8
16972182689425408 18357714296982198014 -12
17537271435766908 18357149208235856513 -26
18436796455425449984 9666143307390718 24
9088356726283919102 9286329753387704320 14
9088922992086237438 9285482012608675584 -4
9088922991951830270 9285482012743082497 -8
9169149866642997504 9277594207066553918 26
9169149866638770432 9277594207070764734 26
18429211105029120256 17532968680430332 24
1175830221748003839 7867397830011952128 36
1153241854866973695 3314328975484558336 26
9153018893347484700 9293725180362066400 0
9153020001499443228 9293724067915141088 -6
9153019863791792128 9293724205622791678 -16
145819681049542846 18264895595641044736 22
18358565441192740480 88178630356744575 2
18358600830718723712 88142693222431103 -6
18358618561350338176 88124960451721599 -4
18358636292046980736 88107229750884735 0
18329765143060171007 44921336611451904 14
17244498910323005 18429499574799212034 -6
17741202208129341 18356945277463494146 -20
17811846910247169 18356874632761359998 -8
13817577871735459709 4629166201974059008 14
13817577871735335293 4629166201974167042 14
18338861738909499551 35543265785380704 22
18339990971710963871 34132558007205728 26
9412165427386910845 9034578646322607872 14
18331685769802220287 115058303894748160 38
18331827057044292351 114917014509386752 38
18331544478246240511 115199593303244544 16
17679793506603263 18320696414169345792 14
35658938790039807 9115374029050097408 12
35726125081350399 9079559520716533504 16
70325781593984766 18304359594271043841 20
70325781593984766 18303797743829250305 18
70325781593984766 18303796648612589825 18
18192542348991330304 146115333661329279 -30
18193674923311036416 72925165303695231 -24
18158705917793859584 71865373801908095 -22
300223536383999 18194242271040419840 30
35935968524403215 9187436068330372400 18
9043049283702050818 9403694790007500412 22
9043049292325540866 9403694781384010108 30
9043049292325671936 9403694781383878783 11
36050959354985986 18338635520316604797 -14
53572776655192066 18303099304506949501 -14
4553214317930248284 9245814940332951427 -26
4562256770276554844 4625086469559256963 -18
4539668403395524700 72017615031863171 -20
4393251879254015 4571263969529169920 26
8952409925772443905 9242132568804359934 -19
8969324812788629761 145960833009254142 -10
8935486174212718849 71713080528273150 -5
9277602106403917568 8952687710215139583 14
9277600985265344000 8952407356377002495 2
18165331126963929216 65240164631805823 0
18165331678332452992 65239613254926207 -4
4614030642524614398 13759811412216877313 8
9024883980996607038 9241716107618124673 -20
146098457098421121 9041244782737390654 24
9007327048043756606 71929800735163265 -4
294419166520319 9042933632593435648 24
9024834510459903 18365660541354568704 -10
9029241214014463 18365655035139386368 -10
9029189707699199 18365653991429041152 -8
9179300712399833215 9267443361301296896 28
13696620815184099328 4642036867468560382 12
13692134842102511616 70865619141724158 10
9250159933252378368 9196584140457173116 16
9250159795814865152 9196584277894669950 22
9249877354722762240 9196866718986772861 -6
18373624464927897660 73119608781637379 8
18373624466003722300 73119607705796355 4
18373624466948495360 73119606761006975 0
9114821937008238656 9331922136701312697 12
9114821937008238656 9331922136701311929 10
18401718801817727 18427779404954311808 18
18401718801817727 18427216455000890496 20
9260735477274214408 9186008596435336948 -4
9261299531051219976 9185444542658331124 -4
9261300634874263560 9185443438835287286 2
81005160419540480 18329710116271046910 -6
89818293716073984 13745239761566089470 -4
90029951860178944 13708999306403020798 -6
90029951860063232 13708999306403136255 0
18302743580255720191 71942899415837696 22
18337653074437607679 36470455280529152 22
434133578243768440 13382910078528913285 0
470092006518554744 4141594011908833157 0
53440283916869120 18393303789792682110 2
71172103626063872 9152199933228711806 2
71454682426088448 9151917354428686975 6
18302691906988343297 71713097706569470 4
18306074047738741249 68049481979460862 -10
67783434592518142 18306058620148973569 20
89796581307768832 18356947492401782590 -8
143910420187750400 18302692916033445822 -8
125825377248772096 18320777958972424062 0
4478357341784144944 9356419238521308103 -24
1726259663879216 9221364302214185927 -46
116970159825060807 4494715858602327088 46
114997618785624063 4496406924665053184 46
9249585791625666684 9197158282083884672 -12
9249305420539636860 9197438653169914240 -28
9249587999406499840 9197156074303051006 -24
18428919584571848956 17823389626074626 40
17902126334115657983 472560145555932672 30
4557166872615222786 9259595309180748285 -14
4584329759779520002 4620746403589063165 -6
4593266590290083330 18137953160593917 0
4593333660499377666 337959418528253 -8
9178433108728373312 9267466540051046334 18
13727151673008168894 4647253331686744128 -6
13735035154065235902 4639088375652966464 -2
4638839937564959359 13735002117176532352 22
36452819873251199 9186919216981491712 12
18374401701848285183 2203335000064 63
4324581546494263296 13905988645589876735 -58
4324581542182518784 13905708274436538367 -64
18433186656143395068 13557417566156288 32
4052160383410515968 14106353314147323900 -26
4052158175763247104 14106355521794592510 -34
4052160383410648064 14106353314147191549 -32
18302638234233995392 108077042456592189 26
9169081585348077311 247255978252544 52
4332498301925464320 261173317992441599 -50
4323597069181819136 252060152226604799 -48
16276534194727679485 2170209878973483008 28
16276569654917199357 2170174416644868096 34
16276569655990940157 2170174415562739200 30
16276569655721980413 2170174415831698434 30
16115976945860991 18322541705706798592 12
318056439021951 9150996386377825792 18
9188351116535709951 35019816512470784 20
4051029813953837308 14395151309802292992 4
4035269405657807100 14267359479975888640 10
17528751363088502 18393186525327466249 0
42187154415734 9223329849700327177 -6
35578333703569526 9151764906132242185 -4
35578402964119558 9151764836871659513 -6
81596834381825 13816962059938299646 -14
36040025109168129 4575645993318219518 -14
9265174264801823998 9181288333931016704 18
13731621411720170750 4643065067951452672 32
13733312477783428350 4641092526911484672 18
9294555256077649407 9151344388406802944 18
13762121688382670335 4612283312017275392 34
13762126077805430271 4611715976936061440 20
9294578315722985344 9151321333056434302 28
17956008107768960 18392759268582817919 10
35935084806208640 9187436952048566399 10
18374284902386403480 72459171323148068 24
18374284902385354904 72459171324180324 18
18289117805914422526 157626267795128320 44
157626267761444864 18289117805948105470 -40
157626263483451392 18289117810226098686 -46
9367317063580583231 9079427010128935424 26
9367317063580583231 9079427010128919104 22
68083949883949567 17874256965560106496 28
17259172556115716 18429484901153435873 -32
17259172618520388 18429484901091031185 -28
17259172623247172 18429484901086304393 -32
17259172623120708 18429484901086430851 -16
4548395059189251967 4674976975518040064 34
4548395059193429887 4674976975505473664 34
103951467888476029 18196988567884955778 10
8719328758955212669 9294506800573350018 2
8753107912234073981 9260164697341067394 20
13699579078637953792 4638797129037995263 2
13726050920588288768 72696862698200319 -14
13726477013547885312 36241972719639807 -28
13726616086609560320 355577615711487 -10
2286285628983409792 11548488752298787711 10
2277278429728668800 6945809933126140799 0
2303737077539470464 2307946741864661887 14
2304295620822760576 2307108922627916671 6
4482291420392094784 9280146090898719679 -30
4491333872738401344 4659417620125025215 -2
4499210739411614784 40417684977845183 -6
7686992466345985 18222884299129421758 -10
25171486601707521 9126142956215140286 -6
24886717401792513 9054370131377127358 -10
1808517429734799745 7396699471122138750 16
1810173294246230401 7268942817044334206 26
9286324286209972352 9160419787499578494 18
9178469430476742782 44902606378032768 -16
9178468335277057150 44903701577718144 0
44902597754149119 9178469439100625920 18
17546437939709182 13781482820323490560 14
26536045008405758 9160807194827406080 16
94989383648510 4611591029043739392 14
34165353703343875 18340521125968279612 1
13804568412518206718 4642175661191344128 24
13804568446978605310 4642175626730814976 22
13804568446961765630 4642175626747654400 34
8490919527711233 9196796350073404926 -34
4467599839672402433 144015810010807806 -34
4485024555274076673 108647064643829246 -44
34994462681817088 18411468136051023614 -14
93781772820480 18374592697898802942 -18
4557428681433104129 4665943355421622526 34
4575443079930003201 36242938497368318 24
4575443078862552833 36242939564802302 34
18375035356801495289 53694318398574082 28
18375211968281538809 35503308409048578 42
171208671804063868 18275535401905487488 -16
171207568014443644 18275536505695107456 -40
18275535401872063742 171208671837487104 42
9163089988843815420 9247625287846772224 30
9153871131444855292 69500905409920512 30
18370192556084488444 76410780136707840 30
9160701288277703036 9250013988412851715 2
71748316575958531 9151623720278784380 2
9178715686782959996 8627553052851715 6
9178715686787168512 8627553048610559 -2
7016687660840310788 11430056412869240771 -26
7016687660840290308 11430056412869261219 -28
7016687660836110340 11430056412873441171 -18
7016687660840312832 11430056412869238671 -38
9151685404566059008 9295058669143492348 -13
71161362704808964 18375301236028031737 10
71728745335027712 18302676259359885055 8
4593618442261676284 13853125631447875072 32
17361642610695207681 868647205923849470 34
13326356343422976 18433417717366128508 6
18380068980791385856 66604724173955199 37
18398223841911316224 12491434779238527 31
9293341145946966400 9081345333724657183 18
9295040999547112320 8935530292048655455 18
4593636348906395904 9241421706375734911 10
4584576131497400576 4638795905357342335 14
4611686000503232768 17924155007 16
34975904783671360 18411768168925879486 -4
35543287279411264 18339143192392212158 -2
18176590013462510718 53699803156546433 18
70058328530977153 9080974639309160062 -4
71182003407913857 9007793370394295422 -18
71747169700774785 8935452085040217214 -4
53149188486802688 18393313410245989119 0
36262906355723520 18338423573315851007 -10
17546484691709184 18356858520003187455 -10
53645926414880000 18320759078280000255 2
18212758893146534657 161083161594957054 16
18212752287486833409 17537529132223742 28
18213882576714978049 16125764927368446 12
18306859176513323519 13784107629854208 19
6931101477126684160 2202198567180681727 -10
6917696714553081344 2197588931244802559 -10
18337578811611985920 108461566065854463 -2
18337542937889224704 72609380258007039 -10
72362288667117567 18337649300581693440 14
34187309811595777 18340499169860027518 6
35887224048678913 18194684067547088766 -8
18393058619915976473 53685453793542182 26
18393059241077735193 53684832623427622 14
18393054877661478681 53689196039651494 20
18393059310338268953 53684763362861158 24
4512533696781312 18225495807945565183 -46
1736142192374225920 16349750961192264703 -40
1729391190979681280 16212949724464374783 -34
28844889805453312 18417899183904098110 -18
28844889937819648 18417899183771731390 -2
10757630392014848 18435986443317536126 -16
18446426155782951072 317917926600517 38
9294841349104528127 9079845130550252800 52
13618017724050238207 4684611161566614784 38
13618862136061913855 4611709155533788416 46
18429855283049120128 16888790660430972 51
17453948329263228 18429290125380157312 -32
17453948329015296 18429290125380404734 -43
37865783433683199 4564813035738963712 18
18177221107529418364 197465372142205312 -4
18177788489889089148 124840395744606592 -13
52215419347009022 18178355872248758784 13
9405361675444453504 4411681981328227711 14
115371634030771583 9089986004314521728 -2
4431983639983521151 179702378443866240 -16
145819560928804480 4447852058989101439 14
2274255945931227647 6949116090923499008 40
4194371795706110 9201163264402104065 -16
4039402080160473342 572283936119430913 -6
4048267716211007742 545403903706898177 0
2165138550535363838 16227491958901564161 12
18384607644696249151 62136429013269504 40
34991134030823424 13800066921251340095 -48
71161220451941376 13763896834830189503 -36
13763896834829132671 71161220452998144 42
9279296336733978237 9167447736975572992 14
9279296336469211261 9167447737240323586 6
81153202314552320 18185446886300179199 4
4683761515035107328 4395495333743812351 2
9227904244336081982 9038132894325228481 24
9228183520289537086 8966358974287266753 24
9277679891667255551 8664661023776800512 34
72362216156560830 18338353060534026304 16
72925166109851070 18193674922504880704 26
72925166109982080 18193674922504749183 20
4557437675252711168 9241591583010488447 14
4548395084389498624 4638948155446313087 22
36269198025720959 4575416820401666816 -2
18177074367736903680 269669705972647166 0
4674965852923758144 13627663032709904703 -8
4638797965528008256 13663267970152266047 -8
4674968051947013632 13627097883733228031 14
18321833050450049793 88600751263794430 20
18304381601893989121 70023402800891134 18
18320704934204807937 17952748447819006 10
1225141140741120 13833832914141389695 -18
1189749532269568 9222182287322473343 -10
18140027481365504 4593545990946022271 -22
19274792739675136 4592411225687679999 -14
105923931949529088 18340820141759956734 -8
105922836783463424 18340821236925956862 -10
105923940640358400 18340820133068996606 -32
105923940640128000 18340820133069226751 -16
18379230852448994301 67513221256330240 24
18397245181702128637 13470094988426240 22
18397245250958459901 13470025727933440 22
18397245250958344701 13470025728015874 20
18373763683079487231 359846638714880 52
288583617097039872 17941987674498727679 -30
17940292218945208319 289716122697138176 52
63425591063412992 18310695739631533823 -34
17949564448335200255 352499288321818624 40
351651534540439808 17878917558032072447 -32
351651551988744448 17878356789653602047 -36
9259551213108125822 9187192860601425408 -6
9259586474890552446 9187157598818998528 -24
9187157598751774848 9259586474957775998 24
18415514915747726143 31229157961808896 38
9367690474842161088 4395028511425364031 20
9368816374749003712 4177729829404737599 32
9367690474842161088 4107079610250362943 34
18349794088867371136 96949984842179964 24
78898125459775868 18367564473273065088 -6
97442428343509248 18349020170389331198 -24
9090056725811840128 9248319481864108927 -14
9080979020105007232 70053947735129983 -10
9106380058257933440 8905587539950463 0
13793532637675548 18432950541071875808 -46
13513161417427996 18433230912292123104 -44
13795740284815360 18432948333424735486 -40
117256913162924094 18329487160546627328 -22
81086826743870526 18365657246965680512 -22
117256913162900542 18329487160546650432 -2
4651889148195044480 4481410896112321407 -5
4647878267215871104 2197593166387282815 -6
18291559761040425089 11069124593270588 28
18291560864863847041 11068020769848444 22
18291560864863862913 11068020769832510 30
38487342342792446 4501141082046667521 10
70022272431194366 18303819782310297345 0
9006285434994589950 9224004381624467201 8
67818791709767743 18090694905848071936 -4
67803398546978879 17802479922859149056 -4
35028604032399423 17547024341222016896 -8
53111430905632831 17528941514348783424 -6
18337713041890015872 36410487828186239 2
18337783513915129472 311218784108927 -6
9169144019744014143 9277600053965520896 40
9169073375314526015 9277670698394992640 40
18302805678602977294 143938395106574097 2
18302805713233264142 143938360476254609 -4
18302805471907683854 143938601801834833 -2
18302805747324554766 143938326384963889 0
11456304716220784640 6990155683488800511 38
18393672053150777400 53072020558774146 18
18393672035969741368 53072037739809926 10
18393672053083552824 53072020625998467 4
9164781115204421887 9245934161486164992 38
9155703547205503231 67668489649271808 38
9182795444826261759 4547795009549824 38
1053467098467412480 8169904938387330558 15
1080559340927453696 3531126677499934206 -24
9169072788751582207 256052574747648 44
18403745580211312896 42998493498238588 34
9162323960474982784 61048076379793020 34
61045868732932220 9162326168121843458 -22
61048076245329020 9162323960609446657 -30
72909745934302193 18373834327775249408 -4
72909745934558193 18373834327774992392 -10
72909745933513713 18373834327776036868 -14
72344588334266865 18374399485375283714 -10
34452554123707966 18340233925547915521 -24
16367580174747136 18358318899496843647 -26
18446717650463081119 26423246466304 54
9284488549684019204 9162255524025532152 -26
9284208178598001668 9162535895111549432 -32
9284490757464864768 9162253316244686078 -32
83984903710210 17942256930540345853 -22
