13550274894195262724 4679451972470355984 10
13567154527985403140 195001508328683536 22
13564904961554711812 53698836636940304 48
13568287093681489156 50035229533452304 10
13568289291624711428 49751556613535760 22
13568289292704612612 49751555533618704 32
13568289292704743684 49751555533487122 24
8946422857774939172 150566914536751360 12
8947546567282015268 77385610991747328 -10
8939106716027206692 31782266718109952 -2
8944171066584742948 8984992627802368 2
8948113915281670180 4760668954164992 6
8948113915280890916 4760668954943808 2
8948113915247068196 4760668988766480 0
8948113915281416228 4760668954418440 0
8948113915281422372 4760668954412290 -4
18307318117723551800 67086886971245568 8
18308302728230352952 65539326511055872 20
18308443741672439864 65398313068952576 24
18308408764404348984 65433290337027584 14
18308444000315250744 65398054426125376 8
9259577570093940607 4629805155693379712 42
9277556646792380287 9147259822293120 44
9277556784231333759 4643522755969152 36
4476030653510074528 4621240044014091292 22
4467586404208754848 36012673397505052 40
4485037852764799136 546826332011548 -1
4485037852764684448 546826332093724 5
4485037852764799104 546826331978876 -2
17185312827129200640 1261431246580292624 34
1261435653304818704 17185308420387930112 -36
1261431220636425232 17185312853056307200 -32
1261435653310061584 17185308420382662656 -32
1261435644693519376 17185308428999197184 -24
1261435618890423312 17185308454802292992 -20
1261435653314774032 17185308420377942024 -38
1261435653248978960 17185308420443737092 -22
1261435653048440848 17185308420644275202 -34
9025930228072704 17878425165734100605 18
4611704749400719616 4070388708216159869 18
4620710844832022528 4043649689252085629 18
38451806156060672 4500895138944910398 -2
38519958697113600 4483094062871086142 2
38519950073360384 4482812600813095998 0
38522166209509376 4482810380398756926 0
38522174896013312 4482810371695508542 12
38519967253100544 4482812579338389054 6
38522174832998400 4482810371758490942 -4
38522174898124800 4482810371693364414 -10
38522173822277632 4482810372769211518 2
7007606058717440 9089981614349642876 2
8131315532239104 9016800310838193276 -10
8628157349040384 8980274672002428028 -4
8592834460061952 8962295596381924476 6
252215207596288 8952903292101618812 12
8627881397391616 8944246700690926716 0
4159603039998208 8948714431439989884 0
8698662991106304 8944175369341430908 2
8698663532040448 8944175368800464508 -2
6933042489695232 8963392990302183548 0
177917926546432 4394490893456908412 -2
34024184364375040 4324897304976826492 7
34025283871808512 4324614730492698748 12
34025283842310144 4324614730522181244 4
34025283808697344 4324614730555793788 22
34025283607042048 4324614730757448830 -8
4803935132909568 4480640556239748156 28
4803929071747072 4480640562300878396 22
4803937762607104 4480640553610018108 42
34973567696115888 18411485728206807104 -32
9079331952039696560 9295351224802009152 -14
9114793383878858928 9259610517009391680 -28
9114797738975697072 9259603967184265280 -32
9114797781890898096 9259603919974162496 -24
9114797798836273328 9259603903028722752 -26
9114797799104977072 9259603902760018496 -20
9114797764678260912 9259603937186734400 -18
9114797798028869760 9259603903836125304 -20
9114797799105237168 9259603902759757892 -32
4476274442922296636 4620715329389344768 23
4484736284409660732 72625063512520704 -4
4485193406368908604 18124746024826880 0
4485297035339826492 288193521137664 26
4485299234363081020 4519521172992 14
15996704325827584 4487039973074403452 -10
864934030178188288 3494550409099608188 -4
879566322229901312 3479355167111251068 -6
881822528747142144 3477098960577298556 6
881822520157207552 3477098969167168124 4
13554760875022955836 4638937194623666176 16
13580647708067837244 145479531227252736 4
13581778074740667708 796926431987712 -12
13581780273763923260 513252432021504 6
13581782472787166524 229578432083968 0
13581782472787177788 229578432056832 16
13581782472651904316 229578567329856 6
13581782335079264572 229716139969538 18
18153341948543103 2387331809020722560 -12
351153495031935 2369105200455269760 -8
18382800593174655 2319548355965533568 -12
18409497975668863 2317269858769354112 -8
18422640709812351 2316130816128368000 -6
18429280695697535 2315561226189061504 20
4546423570269765120 4622693336960663935 -12
4539650613069643264 35794674242879871 -12
4555395481872006656 2105775675212159 -14
4555448258161704448 1982905519243647 -14
4555448396133326336 1982494817198463 -14
4555448395325910528 1982494550872447 -4
4555448396131220992 1982492680208767 -6
4555448395596431360 1982493206642559 -10
4555443963460730368 1986925342310911 -16
4332126257038308414 4638762725706958848 6
4339453436952654910 163864715441080320 4
4323698534838252606 35785904456337408 24
4341151082901746750 18051881416165376 -2
4341080438205908030 18122526111987712 -2
4341151082905940030 18051881411939840 -12
4341151082905875518 18051881412004096 0
4341151082905932862 18051881411946560 -2
9294218599079524384 9080466776768644110 16
9583011925184657440 8719615856625583118 0
9583572667457779744 8646998619826160654 0
9582446767618045984 8648123424449233934 -6
9583574866313132064 8646995321475957774 -4
9583574875104131104 8646995312668247054 14
9583574875131772960 8646995312640556046 8
9583574875070838816 8646995312701474062 4
9583574875002804256 8646995312769508430 4
9583574875137026080 8646995312635286558 0
2025502366503763200 4638980657074405500 -10
2020998766876392704 2337641247488082044 -4
2033383665851661568 163528527374975100 12
2017621067155864832 35738887948337276 -4
2034507366735248640 18571113392242812 -22
2034509428050589952 18287577100190846 -36
465952143388988 4520585123783117824 20
501273954431292 4502535403462593536 14
529852633264444 4485055376227699712 6
536457785454908 4484485821122120704 0
536458324410684 4484485820583148544 2
536458192040252 4484485820715503104 -6
4328109328306175677 4624202305976139776 16
4323605728678805181 35034285685604352 16
4337116527523299005 3509088331694080 12
4337116527493676733 3509088361251072 12
4337116527559843517 3509088295084096 24
4337116527258269885 3509088596657666 28
9080410305733864572 70622657794478080 20
9089417504988597372 43601060030279680 16
9089417504988602492 43601060030258688 16
9089417504988604540 43601060030256130 16
4475709147550128252 4621280624761512960 44
4484663570246735996 36668980656481280 42
4467739612394100860 35578539999634432 46
4484733938988816508 569814895453184 40
13443335826972672 18379257542349888540 -12
8948514490346905600 256843147994143772 16
8939507428531118080 247835811300449308 14
8948584996530028544 220743844796251164 -12
8948584996530028544 220743844792073244 4
8948584996530028544 220743844792056892 -10
4331599187275472928 4620712447006940444 -24
4339489317143371808 145251486787509532 -6
4340553644399058976 36100768474930460 -2
4340518460026970144 18121554337537308 10
4340621814119981088 285276711755036 -18
4340624013142974496 1602712051484 -2
4340624012065275904 1603789749628 0
9223850328897552384 9114244401645763708 36
9223709591409197056 4538727917725695100 32
9241932897127956480 4485038764941393020 30
9241935096147017728 4484473618116394108 26
9241935096147017728 4484473615977299068 30
9241935096147017728 4484473615968943228 32
9241935096147017728 4484473615968926844 28
9241935095983046656 4484473616132882044 32
9241935096151080960 4484473615964847484 28
8908435627521 4412955776429793404 10
282621884243457 4340624468947443836 28
291487233613313 4340615603593896060 16
291487235702785 4340615603591790460 20
291487235708929 4340615603591784062 40
18212698389453261044 161983683564941312 48
18212699488964886772 161982579758349312 46
18212699488964886772 161982579758348296 52
170609304028578304 18276134769680916737 -24
170609304298979840 18276134769406337281 -28
170609304297406976 18276134769407897857 -34
170609029119345152 18276135044585957633 -22
170609304300158976 18276134769405142785 -22
170609304569511936 18276134769135788805 -24
170609295945891840 18276134777759408899 -34
4331455691509990914 4620855942772373628 4
4339345786950911490 145395016979921020 8
4340410114206598658 36244298667341948 4
4340374929834509826 18265084529948796 4
4340476084904265218 712480904132732 18
4340480480790709762 145135064299644 4
4340480482946582018 145132908411004 4
4340480482950774786 145132904202108 20
4340480482816295936 145133038680703 -2
578748080221061696 2608111606096985276 -12
35528103952960 2033902653607247036 -20
576496280407376448 305646296603819196 -16
583251679848431680 297764997255921596 -6
583251679848431680 297764997255921342 12
7216332847676476 9107506360849268736 14
337650665356348 4538727821623164928 6
34325889931508796 4468710787485532160 -32
34325822281579580 4468710852988010496 -28
34325891541990460 4468710783727567104 -20
34325891540007996 4468710783729549440 -34
34325890464169020 4468710784805388352 38
34325891542120508 4468710783727436802 -10
4493587604847740 4544142036039303168 -16
2022035714483698812 256785696965722112 -4
2022071036294741116 238735976645197824 -12
2022088628480785532 229711185204412416 -16
2022106220125764732 220686394304724992 0
2022106220664732796 220686393765740544 2
2022106220666567804 220686393763889664 -8
2022106220666828924 220686393763628034 -2
9267436944860832000 9178459392448470204 -26
13727122043458216192 4647279649766579388 -10
13734994563892961536 4638846378401668284 -18
13735007723605647616 4638831028255661244 -24
13735007775145255168 4638830968159673532 -24
13735007775212232960 4638830968075918524 -34
13735007499256496384 4638831244014877948 -26
13735007775212363776 4638830968059010493 -24
1170388682443734024 9277680978079089457 -28
1161416736414776328 4674966905680659249 -2
1156869139108871176 2373671493772870449 -10
1180510545970871304 620647830000599857 -16
1184493269278669832 328434730541089585 -18
1186738411859360776 182074399884542769 -22
1187870951819328520 108884265886647089 -30
1152972487113456648 72006611531301681 2
1188438334176886792 36259289491177265 -16
1188438334177947648 36259289490100029 -30
1188438334178998280 36259289489049395 -30
18158787428455578684 71501284340007232 10
18162028236822576188 67697526019621184 42
18162169526222355516 67556236619809600 16
18162169525952068668 67556236890096064 16
18162099019770525696 67626743071638910 6
1170388682443734024 9277680978079089457 -28
1161416736414776328 4674966905680659249 -2
1156869139108871176 2373671493772870449 -10
1180510545970871304 620647830000599857 -16
1184493269278669832 328434730541089585 -18
1186738411859360776 182074399884542769 -22
1187870951819328520 108884265886647089 -30
1152972487113456648 72006611531301681 2
1188438334176886792 36259289491177265 -16
1188438334177947648 36259289490100029 -30
1188438334178998280 36259289489049395 -30
33869821112221696 18339970034589039740 19
8935238848296779776 9295048769282047100 4
8970115374309703680 9259611492338957436 8
4690351879063860 4371964060994925576 36
4654823909591348 4353985190454916104 28
4760720622848308 4335864895232177672 18
4760720623241476 4335864895231784056 44
4760720623241520 4335864895231783950 34
9259546616146728960 8680820671580169983 12
12722858710059751424 4929278201515435775 4
12718341830326392832 4646690605003925247 6
12725106111826925568 4639363373549971199 8
12725097298554034176 4638811435892696831 2
12725110501215864832 4638797133719238399 2
12725110484103632896 4638796055614809855 6
12725110509806327808 4638796025650702079 -4
4475526762353725440 4620900060004510844 8
4484463455425335296 36306145524477052 -2
4484463316908445696 18291885531884668 -14
4484531762585210880 771991299058812 16
4484530663073583104 491615833975932 0
4484533409692585984 207394238295164 -14
4484533961608400896 206842322447740 20
4476028515155769344 4621242180220945470 16
4467584265854449664 36014809604359230 35
4485035714406307840 548964690502718 -12
4485035714404202496 548962553513022 -10
4485035714406291456 548962543035518 -8
4687801377340540 9091739020980912128 -6
4692268143328380 8948182316092489728 16
5822565018745980 8946489069263667200 22
5822566029442172 8946489068252954880 0
5822566096156796 8946489068186240002 4
89262131084992256 9079925420841246844 20
4395829274758029056 179686657250304124 14
4412717497944839936 144924773042366588 10
4412717359967964928 144784723286700156 12
4412717496872148736 144784038774186108 10
4412717773358571264 144783760140296316 20
4412715565713791232 144785967785059966 28
4412717773226188032 144783760272663165 24
8946422901028715684 150003921329553664 10
8938541601680817316 31784431111078144 -8
8944171101215030436 8703483020804352 8
8947548800935264420 4762833347149568 38
8947548800934485156 4762833347928384 2
8947531139726722212 4780494555691280 -4
8947548799859187876 4762834423225608 2
8947548663227644068 4762971054769410 8
8946566871109041212 149859951249195520 -2
8947552033527528508 40788397773816320 0
8938685571761142844 31640461030720000 -12
8944312863648480316 8561720587321856 -2
8947690571992628284 4902537266463232 -2
8947692771007463484 4618863274950144 24
8947692771014810684 4618863267570240 4
8947692633307969596 4619000974411266 6
2432482013490812 9202643129443356672 2
2432206061842044 9166615158131855360 -4
2467390433930876 9166579426151436288 0
2502849679732348 9166543964766539776 2
2502850753474172 9166543963684442112 -4
2502850757660284 9166543963680239616 4
2502850757533820 9166543963680349952 22
2502850723981436 9166543963713902082 -2
50845402941116 8969148187970484224 14
110150311364284 8952200384459421696 6
118997809776316 8951347112030877696 12
105812326762172 8951079922048808960 14
121179720138940 8951063455143804672 22
121214147102396 8951063420716841024 -14
8742285595063358 9106402622706026496 28
8777466739635262 9088353043060361216 2
8777469426086974 9088353040365553664 32
8777468889203774 9088353040902420480 16
8212312366854206 9088918197424754176 32
8777469967021118 9088353039824587008 -6
8777469967143998 9088353039824463936 4
2482567830773248 4482258236100092028 14
2482636820782592 4482258167110066300 -6
2482637024067584 4482258166906765180 32
2482637091183616 4482258166839648894 18
2482568237358080 4482258235693474429 -4
7179285835128860 9108106359962732032 28
7185882630168604 9107536813214287360 28
7185882633314332 9107536813211129344 13
7185882366976028 9107536813477465600 30
7185882365919260 9107536813478520352 24
2596576907923726080 5197183722217627900 -16
2603345501504315136 1731650614816497916 -30
2317371323212799744 1008818476577022204 -34
2605389903781306112 612713504951623932 -28
2605495801572925184 594593208650522876 -24
2605584038458990336 580994172882346236 -28
2605597301318000384 577603210302808316 -30
2605597301318000384 577040260349387004 -22
2605601699364378880 576472912349587198 -20
2605601699364248576 576472912349717501 -33
36253899760862210 450134859995101564 30
36746480970105858 323541489219484028 42
36816849710089218 305456721970051452 50
36816848636347394 305456723043776892 19
36816849714282498 305456721965825916 46
36816849714283520 305456721965824383 19
12560389860997152 8975780041440363550 4
3553190606256160 8966772842185622558 4
9248626478397472 8943625957757420574 2
12628559581919264 8939964549677188126 2
12630758598869024 8939680875683544094 8
12630758604912672 8939680875677484574 -14
3605932737411104 8948705701544985886 -14
12630758605166592 8939680875677230206 -22
2163999575580881020 2393643245166333440 16
2163999575580881020 2393642697558003200 22
2163999575580881020 2393642695414713856 24
2163999576654610556 2393642694336806400 16
1736387007557010946 2748353796365433149 24
1737451334812698114 2639203078052854077 26
1737415875562702338 2621224138793367869 18
1729638205185721858 2611550360614287677 20
1737519504533620226 2603387586289678653 22
2515145760640124 8950359438475161600 -4
11328281213078652 4365889081614299136 12
2427184830418044 4356775779487477760 10
11537738178169980 4329932302606954496 4
11539937193036924 4329648628615409664 2
11539937201029244 4329648628607385088 14
11539937201294460 4329648628607119616 6
11539937200900220 4329648628607513602 4
290624613418731264 8661687020863633532 17
2308237246480713472 2176503557450119292 23
2596467622628230912 1744157993226778748 26
2596467621554489088 1744157994300504188 6
2596467622631768320 1744157993223208574 24
2596467622497944832 1744157993357032061 4
4474370417055248432 4622900830233119752 42
4467597356708671536 36002270661790728 22
4483395208494977024 2190020366003320 28
4467813740563694594 35504411813230716 36
4468868995770516482 33886206653003900 34
4468939640470536194 33815561952968316 30
4468939640470537216 33815561952966783 4
4476063596423413760 4621207650864938044 22
4467601789295788032 35997838074657852 36
4485088421674483712 496807186512956 16
4485088422219743232 496806641237052 4
152627873825847936 4629913455464907838 -6
148186105587858048 2328512214489203774 -12
163935449778645632 1159841365691569214 -16
162785128823028352 584530934343763006 -10
166750121432087168 292335565582992446 -4
170642410579589760 36241697302742078 -12
170589599930153600 9272910187955262 -10
170712917031024768 142393832343358 0
170712917031139968 142393832227966 -8
2242545409250230536 2315097413648686596 60
2242545409250231552 2315097413648685084 58
2242545409249708296 2315097413649208326 59
2899314534268608637 9259560034701549058 -14
2926336132032831613 4620852418509938178 10
2919505965801087101 1168918070921141762 -8
2931961216340664445 291771691926429186 -6
2934208566031360125 145409154159877634 -8
2935237709317349501 18279221307514370 -20
2935336734217805949 728747850997250 -8
2935343331285467261 159200829931010 -12
2935343331287572481 159200827809534 -24
4467580040377853054 71765796621392512 30
4468705940284695552 70076946761128703 28
4473456416048816164 4623814831239535640 26
4482393108851466276 39220917028461592 34
4468846988427272228 34752638943173656 32
4482463614762491940 3121614098504728 30
4482463615299354660 3121613561625624 28
4482463615303548932 3121613557415032 46
4482463615303557152 3121613557406750 26
7915531816549890 18438827989977071873 -30
7915394914467330 18438687939146612993 -26
7915530239491586 18438687256213258497 -26
5646276718902786 18440956507594752257 -26
7915530740710914 18438687253568749825 -24
7915806960779266 18438686977344503553 -16
7915807231319554 18438686977073946945 -24
7915669253393922 18438687115051872545 -18
7915807231321602 18438686977073944849 -26
7915807231193602 18438686977074072841 -28
7915807231324160 18438686977073942279 -26
9259674037726875142 9114449491987071233 16
13583120814653181446 4646887526989103361 -4
13583129679994162694 4646878661643960577 16
13583129679867284998 4646878661770813697 12
13583112018827018246 4646896322811076353 10
13583129679968732678 4646878661669357841 10
13583120849414914560 4646887492223175951 8
18379485904182641790 13214147204642816 28
18379485904182517886 13214147204750848 34
18379485904182518910 13214147204749568 28
13514110353473598 18180183959293148160 -4
8662681610012262462 9386901271558503424 16
8646914613269954622 9259116030178376704 -12
8663805293715980350 9241943874755640320 -4
8663807509918842942 9241660183576067584 -6
8663807509851865150 9241660183643045120 -2
2674623909343015998 4657236284016101376 8
2667864137692361790 1205231541846214656 2
2675723146025251902 620911781209901056 -4
2681951089257362494 182338273750222848 2
2666162102282499134 72026471158712320 38
2683648735210636350 36525439721109504 8
2683648735210647614 36525439721082368 -8
2683648735210640446 36525439721089088 10
4332439566713069056 4620715388692865148 -6
4340881616991133184 144702508063268988 26
4340883816014388736 72642715002085500 -34
4341376397223632384 36121336773877884 4
4341444566944554496 25469545619580 -32
4341446765967605760 22171010940796 14
4341446765967677440 22171010868862 18
11493535555484732 13714633703739621376 -14
2310483159776316 4536473516299517952 2
29538754750282812 4473779397643468800 -4
29543187143949372 4473212015296413696 -16
29543178532650044 4473212023907680768 -12
29543187154418748 4473212015285911680 -24
29543187155475516 4473212015284854848 -12
29543187156006972 4473212015284323330 -8
1137015992399999 4555801292675155712 4
864700045517437055 3548686025027684096 16
865828144443340927 3546994976156747520 -2
865828144443326591 3546994976148389632 6
16168058829086853148 2062230987532152864 18
16168061045154711580 2061947296487583776 34
16168063261488908316 2061663605176709152 44
16168058846199349276 2061668020466236448 28
16168063261493102592 2061663605172482110 26
2291727847406652 9148178290039259136 26
20513386446208060 9094490784374915072 26
20517715232177212 9093923505635557376 4
2432741283216444 9112008479584501760 10
20517784492710972 9093923436374990912 12
20517784492718140 9093923436374983682 22
38444058202390528 4482853308328787004 2
324422634540417024 4053041018891615292 4
328345554589368320 4048871808238042172 2
328363283136413696 4048818895318908028 23
8917971055460352 9196439667289828356 10
8953086708072448 9178390153127734276 2
8420957169418240 9160907884156906628 -2
4475785510417566764 4620922786917396496 8
4484803704788585516 781524072411152 18
4484810301854157868 211977053433872 -20
4484810301824663596 211977082912272 -12
4484810301791112236 211977116463376 -20
4484810301858319404 211977049256080 -28
4484810301858352140 211977049223280 -2
4484810301858351136 211977049224222 24
9267460884736282624 9179283188973264896 2
9267460884737855488 9179283188971685888 0
9267460885141557248 9179283188567983104 -2
9267460876752945152 9179283196956594208 -2
9267460816421552128 9179283257287987216 -2
288519612389619839 2464868609794016256 16
289641079890212991 2320194904170988544 22
289645512161982591 2319627521945798144 24
289645477869484159 2319627556238296320 -4
289645512294348927 2319627521813431424 -4
20993798541568 4341167572009888830 18
23175507710208 4340883915324009534 32
25390496583936 4340600225358441534 38
25322991096064 4340600292863913534 22
25389689147648 4340600226165861566 8
296446594480511 449852135032129024 46
861043659471231 305313087379637760 19
4512688991956094 9001839937483837568 22
4547873364041854 8983790354602270336 24
4547873364044800 8983790354602266879 8
4339425820715417124 37510067135250456 -8
4323698543830662692 35222945510522904 -12
4339491894492298788 1978146292826136 -4
4339496326357483044 1410764474253336 -12
4339496326896434724 1410763935269016 -24
4339496326898540036 1410763933163640 -16
4339496326898415648 1410763933287966 2
4339496326764067876 1410764067635737 -14
4473244430779025408 4641196790088676668 26
4468740831151654912 70043168307623228 17
4499140128636405760 4178023757329724 26
22171529934336 18338423577022630271 -26
8448759656772096 18312052959130488191 -34
12969848123061760 18307461776797927807 -32
15239342931469824 18305192008185354623 -36
17508873177544192 18302922476873927039 -40
17508803919091200 18302922546128185727 -36
17508873177531904 18302922476865583487 -40
8137151660033538 9161191414775756860 -28
4484520980025050626 109150365002315836 -28
4467809021758146050 107847924759738428 -20
4484732567293920770 72910255592388668 -30
4484732773450253826 72909774562342972 -34
4484732773450253826 72909774558165052 -22
4484732773452218370 72909774556184380 -16
4484732773452088320 72909774556314175 -30
4702340127162372 4147616516308417848 10
4737662206640132 4129566795719458104 -12
216332415303684 4125080926256053560 16
4772846308196356 4111517213108436280 -36
4772846578466820 4111517212838149944 9
4772846578728960 4111517212837887294 -38
722373387862147264 3474559252382088252 4
725188129039319232 2607053382749781052 24
728565845939716288 2387502883735600188 -4
729062825195471040 2350977107460881468 -4
729027364871733440 2332998169275137084 2
720686728299937984 2323605882314161212 28
729026814033789120 2315125059091954748 10
168850831409408 13618434947360241720 20
173283237658880 13618149039977281592 26
175482256720128 13617865365981526072 34
175482260783360 13617865365977446968 24
34192860840192 13618006655377389752 20
8093042487153622064 10137247329465401344 -22
8093043616730020912 10136964724912291840 -14
8093046919010417712 10136679947655217152 -20
8093046919559609392 10136679947105993216 -22
8093046885132827696 10136679981532774656 -10
8093046919557758000 10136679947107844224 -20
8093046919559863344 10136679947105738816 -12
8093046918483370032 10136679948182232072 -16
8093046919492497456 10136679947173104644 -18
8093046919559346224 10136679947106255874 -18
4339279468409374116 145320598033152024 26
4340412017328244132 354336015136792 -10
4340414233665585572 70644701085208 16
4340414233665570180 70644701100152 -20
4340414095957672352 70782408997918 38
284907981444865 1745422897578043516 34
284907983540993 1745422897575931006 42
4467584214344691712 36015413008927868 40
4469273064204926976 34045088172014716 40
8935146162838058046 161843609473583104 32
8935146171427992638 18009887784503296 22
8935711320404657214 17163263831144448 18
8935711320404668478 17163263831117312 24
8935711320404661310 17163263831124032 34
9060149359031358 17914421942645393408 4
8070468297980130366 647656155679000576 34
8079510681604850750 620599373544814592 8
8079510681606959166 620599373542690304 14
8079510681606951998 620599373542697024 8
6498682033946624 18394997874155536255 -36
2012743312097280 18390476613622644607 -42
6481158567378944 18377071367856799615 -38
1995151126052864 18381487281431854975 -36
6516273951555584 18376966021167398783 -36
6533866135502848 18376948292081368959 -36
6533935125495808 18376948222562893695 -44
6533935123398656 18376948222560796543 -42
6533935125495808 18376948222554537855 -34
6533934854963200 18376948222825037823 -38
8946402923874028289 150022798972564540 10
8938521624526129921 31803308754089020 6
8944151124060343041 8722360663815228 6
8947526607577746177 5065402169701436 8
8947526616100571905 4785018181792828 8
16117891530167332 13818940163751936016 -33
43104304922301476 9180267731932413968 -20
70196271428604964 4541489746998738960 -22
70196271428604964 4541489746998730768 -30
70196271295960100 4541489747131369488 -28
70194063649346596 4541491954777981456 -24
69913692563313700 4541772325864014096 -28
70196271430702084 4541489746996625520 -34
70196271428600868 4541489746998726680 -30
70196271430176804 4541489746997150738 -16
580999622407566908 8389326410384312320 22
576496298731845180 3818172512651610112 0
608091864865506876 3750548149499000832 -2
608091864867549244 3750548149496942336 27
608091847552472636 3750548166812018752 6
608091864867090492 3750548149497400834 20
70679060822140 13581941372158412032 23
35563542427772 4394633247840994560 38
18120330791893116 4340519683572598016 28
18120330796073084 4340519683568401664 28
152605634179629056 9052470529188838460 12
152711325003284480 9034350439855701052 18
144370412480888832 9024958428845325372 24
36205502955002940 8970712276809220352 50
2369140753554479164 2026091007782356226 50
1159994745100895234 5487318304897906812 30
2534456494588930 4338935584290519164 32
1153204092568273922 900437337512622204 18
1169001935731752962 866625095839661692 18
1169001944355505154 866625087215909244 34
1169001944355636224 866625087215777919 -8
3387565694425039679 1160858270007491648 52
3387565694425039679 16943964655385664 46
3392069294044021567 3433167929146432 48
4638938382930642960 13590788483734975528 6
4638938382998274064 13590788483667213864 22
4638797093598465040 13590929773067022504 14
4638938382931165200 13590788483734322220 20
4638867876546447376 13590858990119040042 4
4473460728797349004 4622966093560887344 24
4482415185920803980 38354415029008432 20
4468868857861260428 33886344579070000 10
4481359654758139020 3944099126130736 34
4482485554664965260 2255249265915952 18
4482485554664980620 2255249265868336 24
4482485554664965260 2255249265883248 16
4482485554664980608 2255249265867838 40
38456238560196608 4500327756587353278 -2
38522174898124800 4482810371693364414 -10
38524391101249536 4482526680513529022 -6
38524141959327744 4482245458973707454 -12
36270400753448960 4484499195901396158 -6
38526607300179968 4482242989337920702 -4
38526607304112128 4482242989333956286 -14
38508980691351552 4482260615946716606 -10
38526607304366080 4482242989333701886 -18
508359468232948796 4049283354657554944 30
508359468233014332 4049283354657489152 36
508359468232154172 4049283354658349120 36
508359330525296700 4049283492365206530 30
132310831475716 18446326985020985592 -48
386884447236 18445898158037848312 -52
1262634755435524 18444634810655232248 -40
1262514563984388 18444633835630022904 -44
1253830072738820 18444642515859855608 -46
1258236776557572 18444638109139259640 -40
1245016798275588 18444651329100895480 -42
1262643412738052 18444633702486302456 -44
1262643144042496 18444633702754997502 -49
10952935553647788032 2665386769550294332 36
10971015914231447552 2611277611964448060 30
10971020320867893248 2611273205311290684 38
10971020320897236992 2611273205281914172 32
2534775703938340 4483050453157025816 2
2536905466651940 4482485373440923672 2
2536664141071652 4482485614766487576 8
2536974727061796 4482485304180481560 9
2536974727185668 4482485304180357240 24
2536974458233120 4482485304449309726 12
4340582514868229632 9241429536350955582 2
4340547123259774464 4629778909532022846 34
4357497401749935616 145257800690329662 4
4358561797725099520 36107013658273854 -2
4358632166469276672 7847895198270 6
4358632166465082880 7847899359294 -8
4358632166469275648 7847895134014 14
4358632166469014528 7847895394879 -14
18302664277230096384 71740714579684476 10
18306041976882987008 67800073563307132 12
18306041976917069824 67800069234257020 16
18306041976883515392 67800064972975228 12
18306041976917069824 67800064939355260 16
18306041976942235648 67800064914156668 28
8935442245954375680 71194058828950652 32
8944484353090588672 44137553187449980 38
8944484629310672896 44137276963187836 38
4323457035798264894 215326963661012992 -20
4323465831891287102 71765929445556224 -24
4324590632286501950 70359654073630720 -14
4324591731257064510 70077080126390272 -7
4324591455571754046 70077355811684352 8
4324591731797998654 70077079585423872 -6
4324591731730824254 70077079652598016 20
4324591731798121534 70077079585300544 -20
7884769538555430 9161162596811014144 -22
5652034043430 9097265595254308864 22
8452116997422630 9088537655314251776 -10
8452116190019110 9088537656121638912 -8
8452117471247910 9088537654840393984 20
8452117537431078 9088537654774210624 -8
8452117268997670 9088537655042643984 -26
8452116462118438 9088537655849523208 -10
8452117538487334 9088537654773154305 -6
4368469261292615740 4620715594938859520 10
4375776615570815036 145837410309128192 -6
4376913510593935420 72642921248079872 -24
4377370907431090236 18142328882479104 -8
4377476460546555964 22377257532416 2
4377476460513409084 22377290678784 -4
4377476460547225660 22377256861952 2
4377476460547348540 22377256738880 -24
576717977589581606 8087926230494492696 -8
2315107433754593062 2026081132053805080 -14
2891497679874885414 1197489306800764952 -16
2882560986803275558 1188411601362892824 -24
2891559320704452390 1161398868952266776 -14
2891568186058016518 1161390003598669944 -10
2891568186058016544 1161390003598669855 -26
4331939801355806944 4656963575603926044 36
4339258150750284000 182074395857916956 38
4340911816238459104 54319940803367964 38
4340947000610523360 36270357921854492 16
4331562087314387968 4639045420454185020 -22
4339452217182155776 163584460234885180 4
4340516544437842944 54433741922306108 -20
4323698414579381248 35786024715225148 -2
4340586913177797632 18334576163420220 14
4340586913181757440 18334576159428156 -4
4340516268481975296 18405220859209852 6
4340586912913059840 18334576428125246 -20
87895157396737036 18340833965887402288 6
9043232647678790668 180138837260054832 36
9059065615118499852 146291471310864176 12
9059065615118765056 146291471310598462 10
289663415468126208 16733380226038893692 -14
288546346014044160 16158599493142973564 18
291924045734543360 16154658843469085820 8
291924045734309888 16154658843469287036 -10
291906419121549312 16154676470082047356 -2
8769118210957629 9088290470941564418 -14
4540204603111251458 17226561651810621 14
17758656425697597 4485629312808918530 -8
17793634235916605 4467720673977572866 -20
8733796399915325 4476710143069396482 -12
17793427539566909 4467580692941381122 -14
13254849163764029 4472118723708853762 -10
17793840391201085 4467579730333965826 -14
17793909649637693 4467579661075512834 0
17793909651742977 4467579661073391230 -2
4628673830149881856 13799774370065038364 -14
4629170568887468032 13745234435799006236 -10
4629239013486297088 13727433067667405852 20
4629241212507455488 13727149393669553180 20
4628676054909255680 13727714551267737116 34
4629241208197611520 13727149397979381020 20
4331374329901285668 4620937304381079065 14
4339255629249184036 145485174681648665 4
4340346344783937828 18293669580520985 12
4340379330132771108 809235675627033 26
4340379330132771108 527760698916377 36
4340381529156026628 244086698950265 28
4340381529156026656 244086698950175 -22
4323490895569491488 4683708359167248412 22
4350512493333710368 45000742975649820 44
4350512493266472992 45000743042879260 -8
4350512493333714432 45000742975637628 -14
4350512493333057568 45000742976294430 14
105874285533728256 18304840438167187518 -16
9007238949031513600 216132534833590334 28
9041015911809810432 146326775036329790 4
22308398967932 4340603307456041473 -12
1152952763751214204 899844241399583233 0
1166498747005406332 868283859635925505 22
1166498747005413500 868283859635901955 -12
18302666355138428417 71737537109426424 -4
18303794436754439681 70327980516704504 -6
18303790056022015489 70051985784045816 -12
18303792237798292993 70048713086075128 -8
18303796635710322177 70044306617665784 -4
18303796653024410113 70044289270154488 -10
70044289202653436 18303796653091780097 18
18303796653091781121 70044289202652410 -4
4331599685491154976 4620711948791258396 -28
4339489746572337184 145251057358544156 -24
4340554004840112160 36100408033877276 -4
4340589258200113184 18050756164394268 -24
4340622303644934176 566262163512604 -18
4340622295088554016 284795743182108 -22
4340624511291416608 1104563609372 -18
4340624511291670528 1104563355004 -30
288853178004749872 8664021406231068684 4
2306465811066732080 2178837942817554444 -2
2594661002846354992 1764541961471557644 6
2594133237265022512 1747336803520118796 -4
2594696182906502704 1746492382901928204 -16
2594696187218443776 1746492378589986940 -16
2594696187218442800 1746492378589987854 -2
2594696187083963440 1746492378724467213 -18
8062274984774716 8962263757807120384 32
34028341586332732 4468726860854030336 0
35083872748997692 4359584938634473472 0
35149809086925884 4324053155231002624 -11
35154241493172284 4323485772871335424 6
35154241492650044 4323485772871857154 20
4475713761891073148 4620713060467163136 25
4484632655406054524 18122547034275840 42
4484734155285347452 569598598922240 28
4484737449508486268 284829399072768 18
4484738553331843196 2250599005696 14
2425169350741384 4500892983043039744 34
2425160626589064 4500611516790481408 40
2427376961831304 4500327825478532608 40
2427376963915144 4500327825476444736 30
2427376963929480 4500327825476430352 26
2427376963928456 4500327825476431364 36
2427239256017288 4500327963184342530 32
4331706265290882364 4638901242477674496 -16
4339596360731802940 163440316685221888 0
4323835961059261756 35648478235328512 8
4340730504815787324 18190984525414400 -19
4340660411761114428 18261077580070912 -10
4340731056597056828 18190432744112640 -18
8969046588477806080 181423427252988028 14
8935265158866277888 71652618742081660 16
8970172488382551552 36182339272403068 14
8970172488384516096 36182339270422396 -2
8970172488384516096 36182339270422142 -2
4621206814253875071 9248191188178567168 6
4630214013508616063 2321654961282744320 4
4630143644764438399 1168803825420075008 10
4611988508766601087 70066253830029312 30
4639219013740101503 7369901790986240 6
4639221212761243519 6804752816423040 6
4473247967000227896 4659207652376972292 18
4468709114281291832 70074885178002436 4
4481127058734936120 40205492168297476 -4
4482252967231713336 38798108694809604 0
4482255166254940216 38514434694904836 2
4482255166254952504 38514434694859908 -8
4482254890299101184 38514710650711164 16
8951139753035571260 145287069322649344 -20
8952054409270927420 36286022030401280 20
8952195284198236220 18130748593610496 -6
8952259012889419836 615571346366208 8
8952263436739289148 329672519786240 -7
8952265652934025276 45981348372224 -14
8952265652942405692 45981339975424 -24
8952265652941357116 45981341007680 -20
18325261732846446716 49139960344761984 16
18326387615573420156 47453326687622784 18
18326387615539734652 47451136287987328 30
18326387615572633724 47451127732262528 10
18326387632753158268 47451110501406336 28
18326387632753289216 47451110484498174 18
4468074403105015808 4629196844174947390 32
4476869808932456448 44744216939082814 28
4468003759482931200 35595867879126078 36
4477081524882180096 8503703970395710 30
4477081602359625728 8503626492949822 40
2022048976401075260 11560807499748290560 -10
2021978332778990652 6949192124942987264 -3
20759692965055548 4482839934405390336 2
2039218949980425276 2392323083352092672 -8
2021978607656897596 2373534628656656384 -2
2040063305650015292 2319421133644607488 6
2040063374906362940 2319421064388243456 -8
2040063306056597564 2319421133237992960 2
2040063374910556220 2319421064384033794 -2
8972468555329084436 34449224435172096 30
8981546122250066964 7357259004723968 21
8981546123327995924 7357257926786816 24
8981546123327998996 7357257926775584 6
8981546123327995924 7357257926778632 6
8981546123328002068 7357257926772482 16
4476030691741023292 4639254404300996608 0
4485055516530719804 18543561083928576 14
4485055517473381436 18543560141250624 6
4485055379900741692 18543697713890306 2
172179617529856 13618150143597426744 10
242548357496832 13582050977838495864 46
70643629449316 11887462047791684760 18
4645533539331226644 13728308515410247680 4
4681703625750223892 13692138428991217728 12
4681703625750219796 13692138428991221792 9
4681703625750224916 13692138428991216648 18
4681703625750231060 13692138428991210498 24
4324584996612867198 4627726633374578688 34
4332466295960765566 152274503675148288 24
4324584996612867198 34055013456672768 28
4332464096937510014 8724464575969280 6
4333589979529217150 7317107007551488 30
4333592195867607166 7033415692451328 26
301395829782528 18337792233062793464 -20
9306387403696128 18310773942491025656 -6
9306267178430464 18310772967499630840 4
9308577869133824 18310770652514025720 -10
9308577836759040 18310770652546335992 -18
9308526230566912 18310770704152527608 -20
283769216759808 18319795461166334456 -4
9308594546601984 18310770635836492028 -22
4759763098321060 8946707446253960216 32
4048921722025459876 326888265918397464 40
4035375532881264804 322420056553110552 42
4048983363127656612 291923727704079384 32
4048992228477010052 290788962447883384 0
4048992228477026464 290788962447866910 40
8952036928513389630 9241660041621637120 4
8968960680341812286 145479441014294528 20
8970084381225399358 803502008272896 -2
8970084381225399358 522027031562240 4
8970079983178888254 246049612990464 -2
8970086580248642622 238353031624704 -2
8970086580248653886 238353031597568 2
8970086580113380414 238353166870592 24
4538870839116802 9109902350028585080 24
35271211746306 4538748728247531640 32
31560468603338754 4471194733836975736 28
31560468603076610 4471194733837237372 20
4467598457493327934 35578957412052480 10
4468727655935053886 34168283993615872 18
4468728754897227838 33885710054764032 14
4468728754098212926 33885710853762560 8
4468728755429838910 33885709522120448 32
6769818136150464 4334418747672295984 46
2611603376778972220 10970971624393715712 -16
296717709060541500 8674171273684758528 6
2340296683601988668 2163021468791779328 -12
2629085577300872252 1802174981054967808 -28
2629582453477411900 1765649307859464192 -16
2629650743322151996 1729833695972470784 -12
2629652959526060092 1729550004791852544 -8
2629652925233564732 1729550039084347648 -18
2629652959660017724 1729550004657894402 -10
4323490964894138620 4629382519830035456 42
4323473407134941436 35728457671326720 46
4332515790761754876 8671675535064064 40
53725354810957888 9241704276081712316 -22
62750180745699392 4620993431719582908 -16
58220072041201728 2319680531210386620 -30
64997547883651136 1159981550761090236 -28
68386277215461440 580132069125856444 -28
70081741459578944 290206228730027196 -12
71209857569546304 144962924544203964 -6
71207623916003392 72907564159818940 -22
71775006546198592 282587491728572 -26
194411593285245 4520575185061543936 28
264711076920957 4484476088558977024 40
264780066930301 4484476019568951296 14
264780337461373 4484476019298403842 14
44083948293632 4520725517001502782 22
44083948293632 4502711118492020798 32
114452692467712 4484626351238364990 42
2021044567167952700 2347165596404684800 -12
2024422266888480572 182060075546318848 -4
2017614090889291580 53760262724392960 2
2025548097534756668 36819056824219648 -12
2025548166795306812 36818987563636864 -2
2025547890839455548 36819263519488064 28
2025548166795190588 36818987563752962 10
9277671388410085119 4340368347381104896 64
4331378809166365440 4674974908197436671 -40
4357292099209790208 181490787802479871 -52
4323510703958000384 71719944931835135 -20
4358415782779290368 36533391133834495 -58
4358411402046866176 36257396401175807 -61
4358417981869654784 36249725656694015 -63
4358417981735174912 36249717234793727 -64
4358417999049261312 36249699887283967 -64
36249699819847679 4358417999116632064 64
13889331717676189948 3470074521000096768 38
13898321255756974332 1159745573332988928 36
13898374092679399676 1155189136783193600 34
8935194803556023356 71721876696596480 0
8962427640696765500 8461342048518144 -22
8962427644979149884 8460238254538752 -14
8962427644991601724 8460238242054656 -4
8962427644991536188 8460238242119936 0
8962427644991716412 8460238241939584 -26
8962427627676589116 8460255557066816 -2
8962427644991207484 8460238242448386 -6
3638218828340224 8655939439674991229 -48
3470297226136312832 865824790091342461 -48
3470292759370324992 721714068781474429 -46
3471357017638099968 612563419456807549 -34
3471321626298063872 594584412287361661 14
3471401066822687744 580994172880626301 -50
3471423126043155456 577031463986209405 -28
3471427523819117568 576464116256826109 -52
3471427524089665536 576464115986278015 -36
1156939305067759616 12443650092458554492 -28
1191417782101624832 3329914766645769340 -16
1192541456946972672 3256733497762493564 -26
1193038470830901248 3202193288350119036 -22
1189165990877874176 3188332844770374780 -12
1193108839570884608 3184108523248137340 -14
1193108839570868224 3184108521109058684 24
1193108839575062528 3184108521096475900 -26
4547804372476479 8947763829909888000 12
4547804136276543 8947763830145973248 28
4547804406751295 8947763829875482368 40
4547804406809151 8947763829875424320 36
4512414679840636 8983828012309743617 -16
4512397466417020 8983826934306506753 -12
4514613669541756 8983824713825191937 -20
4514622293018492 8983824705184954369 -2
4514622293029756 8983824705184926723 -20
873247952134537504 8079484245345467935 -24
2321733601253720352 2163427765874753055 -14
3187548404856193312 1225555368234352159 -28
3188045281032732960 1189029695038848543 -26
3188009958143754528 1171050619418344991 -16
3188113588192608544 1153214065836719647 -18
3187992367035646240 1153194549505326623 -21
3188109181489053984 1152938097075191327 -26
3179037805826343200 1162008922982088223 -13
3188115787211669792 1152930391840980511 -26
3188115787215864064 1152930391836753535 -28
13891589295247978496 4482251647046651132 12
14177563438911320064 4052725265260875004 -4
14180943354968133632 4049063874227350780 -4
14180938974236766208 4048787879493635324 -4
14178689253119614976 4051036509689093372 2
14179817472376434688 4049908286137306364 0
14180945554126401536 4048780200125926652 -2
14180945571306401792 4048780182929149180 0
14180945502452576256 4048780251766198012 0
14180927944693510144 4048797809525263868 6
9091814099571965960 40922994781928500 16
9082877406500356104 31845289344056372 6
9088502507988058120 8768739300293684 21
9091884605750902792 4823691584060468 28
9091884605752999944 4823691581946932 14
3683915847386726400 4620721865484434492 24
3689562973466722304 579849473280474172 16
3691810375233896448 289371695361588284 14
3692870167004119040 36110324458617916 18
3692834775261446144 18131317691808828 30
3692940603926708224 11090517097532 14
3692940673187119104 11021256654396 16
3692940673187119104 11021256654140 30
38456238560196608 4500327756587353278 -2
38522174898124800 4482810371693364414 -10
38524391101249536 4482526680513529022 -6
38524141959327744 4482245458973707454 -12
36270400753448960 4484499195901396158 -6
38526607300179968 4482242989337920702 -4
38526607304112128 4482242989333956286 -14
38508980691351552 4482260615946716606 -10
38526607304366080 4482242989333701886 -18
38456238560196608 4500327756587353278 -2
38522174898124800 4482810371693364414 -10
38524391101249536 4482526680513529022 -6
38524141959327744 4482245458973707454 -12
36270400753448960 4484499195901396158 -6
38526607300179968 4482242989337920702 -4
38526607304112128 4482242989333956286 -14
38508980691351552 4482260615946716606 -10
38526607304366080 4482242989333701886 -18
17163220776323328 4539635177192436798 28
2178820673169983744 2341948927779812414 40
2178785145066293504 2323970057374020670 38
2178891041914030336 2305849762016802366 38
6780821678028800 4478522932206240830 8
2024391238536886272 2317078802248238142 -4
2024393454735785984 2316795111072660542 24
2024391247092873216 2316797318715541054 8
2024393454739879936 2316795111068534078 28
2024389022063212544 2316799543745201342 -10
2024393454735792128 2316795111072621694 22
7968346912527652 18203744121243576344 -18
42862447931626788 9089593171445557272 8
43926775187313956 8962428054623496216 14
36115844583593252 8952787536671156248 -14
43994944908236068 8944626961369802776 -14
43997143931490596 8944343287369838104 -6
43997143931491588 8944343287369836664 12
43997143931491616 8944343287369836574 19
18212830364807262448 17458347988355084 46
206449680522752 4449068507184767036 -4
241634052611584 4431018924303196220 -10
274619401444864 4413253015421591612 -18
276818420506112 4412969341425852476 6
276818357452800 4412969341488873276 0
274610777298944 4412971549069026878 30
276818290220032 4412969341556105789 -22
4750907513241854 8659330350617458688 28
2319389320130068734 1769034716592207872 57
2305984488031650046 1764425150181144576 35
18392749656862883840 53994416846617600 32
7910309207899648 4558528054801531262 -30
11348415503872 4557419816339186046 -32
7945286884687360 4540619416103616894 -34
7883576253496832 4540610757990629758 -18
7945080187284992 4540479435068477822 -32
3406501807283712 4545017465840148862 -28
5676031780732416 4542747933727605118 -24
6810797039026176 4541613168460955518 0
7945562297351680 4540478403202597374 -32
4540478403200746367 7945562299202560 32
2321816437869510461 4629771061953560578 14
2333124013018054461 1159698972984475650 10
2337631950562393917 290499906985000962 4
2339830973817945917 36099304596701186 18
2339894839981637437 569591367467010 2
2339900376194481981 282580177911810 2
2339901480001060669 1394622594 2
2339901479996866305 1398816894 16
62745395659289 4521129068019203108 42
62883103572505 4503114531801807908 49
1310452417049 4485302443431836708 40
133251847749657 4485029764548149028 28
133251847749657 4485029764548148774 40
872829670270172416 8079479764988985406 10
2323006342469516544 2161732262438109246 14
3187626964741520640 1189025249109213246 6
3187697470924520704 1152925945907249726 24
3187697470924635392 1152925945907134654 0
2695777213168447 4500340899117532160 42
2730686707350335 4482291592187610112 32
2730961583160127 4482291316242252800 30
2730961583145791 4482291316238089216 48
2730961585249087 4482291316235969600 40
8935143864289737790 161845907971572225 16
8936267565173324862 16888493988839937 10
8936269759901613118 16604824300618241 12
8936269764196565054 16604819988905473 18
8936269764196572160 16604819988882047 20
2598586729449813506 5200662662737365309 -2
2594083129822443010 1746401748544194877 -16
2319363552552842754 1012315009282804029 -16
2594083129822443010 611494642446829885 -2
2607593653826647554 580110457421498685 -4
2607593928700331522 579969445059492157 6
2607593928702440962 579969445057350077 -6
2607593652748686850 579969721011104125 26
4511692741561818112 4620762877815365756 22
4520629572072381440 18154427386896508 18
4520699940816551936 69660133244540 30
4520699940816558080 69660133237886 18
4754132853268224 8947557501429096572 3
2319533972577525504 2057120440296415356 16
2306093542439591680 2052546471924867196 -14
2319602142298447616 2021304948533239932 14
2319604341317508864 2021021274537500796 18
2319604341319606016 2021021274535387260 10
2319604341321177856 2021021274533799038 -14
69660293152572 4394599151090270208 -1
9070219528453948 4368147143298908160 26
9074660524638012 4367861227326013440 10
9076859547885372 4367577553326055488 26
9076859547760956 4367577553326179842 22
53991117521457152 13781065833903565950 -22
44931210428059648 9178439722569575550 6
71196335535329280 4540489678546545790 -4
72040760532570112 4539644158332644478 -20
72040760465199104 4539644154138602622 -2
72040760532570112 4539644154054454398 -22
72040769055133696 4539644145515244670 -20
72040769116213248 4539644145454050430 2
72040769122242560 4539644145448005246 -2
4331387958358730752 4656882104198468670 20
4339278088159389696 181421144046277694 -30
4340377599787165696 54220842852127806 4
4340406144106260480 36740849976972350 -21
4340410567956129792 36454951150392382 -34
4340344476999378944 36309935874610238 -12
4340412784157140992 36171259972670654 2
4340412784159246336 36171259970565246 -44
70781901479038 4376583630972477440 18
141425523563646 4358498588840910848 22
212069145641086 4340413546709351936 21
196554804104704 4557164793109688444 -22
728718431948288 4502589433953398908 -10
198753827360256 4485386475025215612 2
763901726100992 4484539852158152828 -20
763902262971904 4484539851612926076 -18
763626848194048 4484540127027687548 -12
763898492092416 4484539855383773052 10
198745203738624 4485105008672126590 34
763902669556736 4484539851206308477 -24
8452062217113090 8944422522018672697 -18
16333361565011458 4468970392319242297 -18
16891878843747842 4396354281002577977 -22
17455958642003458 4324014082143105081 -28
17459227044872194 4323729338763525945 -16
17459261470801920 4323729304337595967 -28
3466763688598242428 13880257651102775296 -30
3468971507946816636 9842824565630236672 -36
3472393188132455548 9551172509292886016 -38
3474636123133641852 9404814386215843840 -26
3475665266017240188 9277684453765871616 -42
3475768688829727868 9260129582397323264 -32
3475768671649858684 9259848124600481792 -28
3475770887819034748 9259564433454595584 -16
3475770887852852348 9259564433420777728 -40
3475770887852458108 9259564433421171714 -31
873142225450991104 4621249319940981052 -18
868638625823620608 2319909910354657596 -28
866382419373489664 1169244612197941564 -30
881023524798889472 145797190241550652 -14
864697976149671424 36021949324394812 -2
882149424701505536 556102263111484 8
882149423627771392 556103336812924 -2
882149424705731072 556102258853182 -26
882149355851774976 556171112809277 -24
4325732890932877056 158796531887565052 -26
4323474494049425152 17502690648582396 -22
4326856574636594944 13839135084701948 -30
4326858653400766208 13625950087997692 -26
4326858652322830080 13555857299663100 -30
4326858790839587072 13555443904999166 -16
4326858790839457024 13555443905129213 -30
2695830443859000 4518355245482663940 30
2695691926969400 4500340985490071556 36
2766267366448184 4482256011541143556 10
2766336626982968 4482255942280576516 2
2766336559750200 4482255942347809028 16
2766336626990080 4482255942280568956 2
2766336626464824 4482255942281094150 8
1772678505974792449 2748935519905152004 50
1773806604904890625 2675749826937125892 38
1774299186114134273 2621214050199436292 38
39651877729916 8718084801781368832 20
18120297036527228 4088881088148604928 18
18124695083026044 4088313740148701184 13
18124695015796860 4088313740215914240 24
18124695082905724 4088313740148805122 22
192753275206904 4376461109842968580 10
227937647295736 4358411526961397764 2
262022507756792 4340644518568165380 10
192476249816312 4340433139605209092 -4
263121884872952 4340361944214339076 -8
263087592340728 4340361978506871044 2
263121750423800 4340361944348787718 -4
4484472583610171396 9242216501831777848 34
4475500637581475844 4639502429433085496 38
4467619338233577476 71726507372559928 44
4502522226688655364 795921410145848 34
4502522106446086148 794946436054584 32
4502522235345698816 794813241474622 34
332403139749495424 4620712025427885436 -24
327873031011451520 2319399124952235388 -26
334650575876407936 1159700075480431996 -20
338039236218733184 579850662834683260 -26
340293269550154368 145251065275694460 -18
341322136477893248 18121408781581692 8
341425766526763648 566330176650620 -26
341425749211628160 284872515075452 -32
341427965008937600 1181741088124 -34
341427965516333184 1181233659774 -12
341427965415538816 1181334454141 -24
4687801377340540 9091739020980912128 -6
4692268143328380 8948182316092489728 16
5822565018745980 8946489069263667200 22
5822566029442172 8946489068252954880 0
5822566096156796 8946489068186240002 4
16888928707018879 18393614688761356032 -30
35683330424959 9223124694302138112 -30
16923906517237887 9170348411584716544 -12
7881660867281023 9179320288490495744 -17
34938099406209151 9152194030963203840 -26
30399521565180031 9156732061195902720 -31
34938442464624767 9152193139222716160 -24
34938511182266495 9152193069435526912 -22
34938580440449151 9152193000173166336 -22
25896041522659455 9161235539090947840 -22
4376874237116362780 9241448086098546176 -18
4385881436371103772 4620754868416417280 16
4393762735719002140 145302738716986880 10
4394886436602589212 626799710965248 -10
4394888635621650460 61650738515456 8
4394888635625832476 61650734317056 -6
4394888635625836572 61650734296640 -8
4394888635623735324 61650736397856 0
4503843688097545244 17488862805688352 10
4507220288306445340 13830787620077600 22
4507221387813878812 13548213135966240 14
4507221387817016348 13548213132796000 10
4507221387818072064 13548213131740222 26
9223433731346215970 9006293135319402512 19
9223434247553877026 9006292619111725072 8
9223399030002364450 9006327836663221776 26
9223416656649008162 9006310210016577808 4
9223434265946952706 9006292600718633072 8
9223434283261964322 9006292583403621400 9
9223434266014855202 9006292600650730516 4
8948820481940686848 40082899314095164 24
8935380051802753024 35508930942547004 18
4475468924768497696 4656986690305330974 26
4484487110616690720 36845435983171358 40
4484491534298787872 36559537324363550 32
4484493690506588192 36275910434819870 22
4484493749562388512 36275847092440862 10
4484493750634020896 36275846012436254 18
4484493750636122112 36275846010318718 22
16018615959424000 18159665055177732220 -12
8662718242374945792 325622188926398588 34
8647096658192894976 323229374598967420 8
8662929900477087744 289381733805293180 34
8662929900510645248 289381733771735420 12
8662929900510251008 289381733772129406 10
2165673386136056894 6931316386175584256 28
2161732736462107710 4629695501612550144 38
2170176985763415102 4620969777334548480 19
2170176985763426366 4620969777334521344 22
2170176985763419198 4620969777334528064 20
88124861475748353 18303872316361802814 14
9007503923483015681 179135616009241662 40
9023266522178811905 145358618804028990 25
9023266522178781697 145358618804026430 16
9023266522178811905 145358618803963710 16
9023266522178787841 145358618803987582 20
8946616619788411004 150091677546519552 24
8947531275754807420 41090630523231232 32
8938664676818428028 31942830950128640 36
8944360387300040828 8795671912455168 8
8947742519695245436 4850589563845632 10
181844320540180006 4411826746388054297 -6
181843839503842854 4411687039691850009 -10
181914414406450726 4411615917180911897 -14
181914551037996582 4411615779475624217 -4
181914689280679462 4411615640163393817 -6
181914689013809190 4411615640426086169 -14
181914689283300870 4411615640156578169 0
16204120507976189244 1736250082630858752 46
16208650426626278716 1156385311584188416 46
16208659283352027452 1155250554951597568 46
16208659154267734332 1155250684035890178 48
79381686695507006 9089665679645673472 46
72626287254451262 4502749459168823296 44
87824832173454398 4469817990717048832 18
88388885950235710 4468972461963573248 20
88388885950246974 4468972461963546112 44
88388885950239806 4468972461963552832 28
18392172060719382528 54572011912175109 40
18392312246287597568 54431826335571717 38
4620710895970303488 13609575609178571006 -38
4620710913014898176 13609014841203810558 -38
4620710810003848704 13609012753781539070 -34
4620715310994961408 13609008244234046206 -20
4620715328376420864 13609008226835809534 -32
4620715328376159232 13609008226819359486 -26
4620715328376537088 13609008226818916350 -34
4620715259522595840 13609008295672857343 -34
9187585857312260104 35786179542334468 51
9187586961135632384 35785075718896668 51
74861270674390846 2163427744128696320 -18
76525931278843710 2035662293957869568 -16
76525793839890238 2026655232142082048 -11
76534710191996734 2022142716162605056 -14
76561115646738238 2017612711080525824 -6
76561115649875774 2017612711077355584 -8
2017612711076299265 76561115650932030 18
16241839432468736 4360694048418198588 31
479102219782400 4358442387121402940 38
16310146592344320 4325159894192780348 24
16312276355057920 4324594814476678204 22
16312345615468800 4324594745216235068 13
4367629224409767168 4620711206891577374 12
4375519319850687744 145250281099124766 -8
4376548462734286080 18120348649152542 8
4376649617804041472 567745023336478 -16
4376651816827297024 284071023370270 8
4376654015716065536 397157891614 8
2461879387007892992 9349936535678026044 -40
2470904247168155136 4729225657090375996 -10
2468599670796336640 1272765719641653564 -30
2477668442702233088 687236195432333628 -36
2332981508579933696 543692753402921276 -34
2452845524596178432 140101960862335292 -20
2479355024819764736 110214760918221116 -40
2479929038604746240 108514847226429756 -38
2479929038606827520 108514847224332092 -12
2479929038607883776 108514847223259516 -38
2479929038608939520 108514847222203710 -40
2479929038608677888 108514847222465341 -40
508920073132735548 4048582010130333952 16
510608922992737340 4046611685293622016 38
510608922992974908 4046611685293384000 38
510608922992998460 4046611685293360386 36
369182871213518204 3611928830637772800 -10
86608486491172220 2165120958449848320 -4
378190139724606844 1315092951422472192 -2
369156208593415548 1306182852788359168 -2
377090627555765628 1298178065081864192 12
378225392811969916 1297043299825643520 -4
378225392782221692 1297043299855375872 -12
378225392816171388 1297043299821425666 -6
16561719488183808 13710127370231873598 -48
34043920010083840 4541330726893125694 -48
763936420298240 4538581913463947326 -26
34046153393077760 4469552374448914494 -16
34041746689523200 4469276405687386174 -30
32355095684610560 4470961957197448254 -32
34611302335806464 4468705750529540670 -26
34611302365560320 4468705750499754046 -32
34611302367641088 4468705750497640638 -48
4468705750630801534 34611302234480128 40
34611302235274240 4468705750630007359 -48
38728810155417600 4500336664280570940 -2
38792581829828608 4482821444050099260 8
38799178895400960 4482251897031138364 12
38799177819553792 4482251898106969148 16
38799178865909760 4482251897060597308 2
38799178899464192 4482251897027042620 12
38799178899587072 4482251897026919548 -6
4328218692219280896 4624092942063116412 10
4323732719137693184 34907295226798204 6
4337241301682462208 3665789149257852 4
4337243483389533696 3382132465492092 -2
4337243518019665920 3382097835343740 16
4326912504146118092 4625258390500456496 -6
4334793803494016460 149806260801026096 -6
4335849196949292492 40664476288858160 -16
4326912504146118092 31586770582550576 -8
4332537571005646284 8510255166961712 -4
4335917487062468044 4848864133429296 -16
4335849059778774476 4776553928767536 -10
4335919427436627404 4565450930042928 -16
4335919703400858060 4565172818329136 -24
4335919703400858048 4565172818328638 16
8663879261574281276 9241588431920563715 -28
8678551144735324220 291774888056456707 -28
8680794148455987260 145416696259937795 -26
8681858475711674428 36265977947358723 -34
8681928840110422076 166816529712643 -30
8681928844455837756 166812184247811 -22
8681928844455721020 166812184348419 -30
8681928844455843840 166812184225407 -34
4331599684955305984 4620711949327074622 -8
4340554004371372032 36100408502584638 -14
4340518614109288448 18121400255186238 -6
4340622303176194048 566262632219966 -10
4340622294619813888 284796211889470 -16
4340624510822907904 1105032117566 2
4340624510822676480 1105032316734 0
4340624510817671168 1105037321598 -2
141564818266112 4557149414359770174 4
145997224515584 4485368862892303422 28
708672300029952 4484595081584256062 4
708947175839744 4484524437964284990 30
708947177674752 4484524437962434110 -2
72672492681887744 8970274084101307452 14
72672630925623296 4394616724449147964 18
99199568850124800 4332342464482393148 0
99764700714958848 4331495857640848700 28
4331385691217607740 4657236215060431360 10
4339275717402180668 181775358524326400 10
4340375229566827580 54575056793305600 10
4340406084611882044 37092753192190464 10
4340410482656280636 36525405194386944 24
4340410482657336380 36525405193314880 14
4340410482657867836 36525405192783362 8
7014763857664128 8945296870424716412 -10
4051194349330061440 325460063543895164 8
4035396428014229632 323243586350244988 52
4051262656758896768 289644434072806524 16
4051264855241070720 289360760613954684 -4
4051264855782021248 289360760072971644 16
4367577637708366367 4620762793588768000 38
4375458937056264735 145310663889337600 37
4376514468218929695 18154343160298752 22
33868546437835812 18340536458256846856 -32
33870745461091364 18340252784256880648 -26
33872944409110564 18339969110332281864 -12
33872944450792484 18339969110290534408 -30
33872943943257124 18339969110798037000 -16
33872944484081700 18339969110257180168 -18
33872944213797924 18339969110527463560 -32
15787901273771044 18358054153467490376 -19
33872944480144420 18339969110261116952 -26
33872944215386144 18339969110525875214 -18
8674181483782766080 296706949194121596 -18
8676453203621215744 150320041279816060 -4
8677576878768553472 77138772094550396 -18
8651052157180870144 67634696663269756 14
8674201412431019520 8738119370867068 18
8678144261128207872 4513795705356668 -12
8678144261126102528 4513795703267708 -8
8678144261128192000 4513795697016700 10
8678144261126110720 4513795699065340 -20
8678144261128222720 4513795696953214 -10
16204145732006903039 1449117079508615168 52
16204145766365723903 1449112647103348736 54
16204145766366248191 1449112647102759424 53
17877224369885344511 352499185343532032 40
17895309274577957119 298385483631955712 42
9185179539532946432 9261283059149348924 26
9185179539465573376 9261283054955309116 30
9185179556712815616 9261283037691289660 26
9185179565234853888 9261283029152605244 28
9185179565302480896 9261283029084847676 32
9185179565302224896 9261283029085103166 24
4473209392468591678 4623217429889660928 44
4468705792841221182 34049409599125504 46
4481090691816490046 4213062067795968 38
4482216591723331646 2524212207533568 40
2268391968439871 8084226213951996032 -14
2305850805275426367 1745418534521045120 -2
2305859601368448575 1457179362276311168 -10
2305846320788504127 1170088166611386496 12
2308104795522432575 1167266741924036736 0
2308111401182101567 1166697186310946688 6
2308111401177923135 1166697186315124928 -20
61053629557048636 9089416388296062976 -10
70056430765278524 4469290518613866496 2
70058629788534076 4469006844613900288 20
70060828341765436 4468723171117512704 -18
70060828807595324 4468723170618161152 0
70060828541257020 4468723170884483072 -24
70060828811788604 4468723170613935616 6
1449261688234805504 5197206936833898046 16
291845414520457472 4048780201334552126 28
1170056137950726400 1008841656766445118 24
1458216145358260480 612595258302019134 22
1458215870480353536 594581134670444094 20
1458279873814563072 577065682780173886 14
1458284315079182592 576779766538843710 20
1458286514098243840 576496092543088190 16
14363088286336000 18360323391385282560 -46
14921640193246208 18287707245440444416 -36
15488988191081472 18215082303404685312 -46
15488988192915456 18215082303402847744 -32
15488988125938688 18215082303469824256 -26
15488987922629632 18215082303673133184 -42
15488988193162240 18215082303402600512 -30
15488988193162240 18215082303402600480 -32
14358672992583680 18216212618603179012 -36
15488850485264384 18215082441110498306 -32
18310698981806907392 135763616921685048 30
18302817682459009024 71868797208366136 34
18311261931757174784 63143072937684024 26
18311120642360287232 63284362330410040 34
18311261931758231552 63143072932449336 22
18311261931757182976 63143072933485624 22
18311226678534283264 63178326156381752 22
2024869289343009024 4621880810702388286 6
2020383316261421312 2320523774570282046 23
2033823608691966208 37269269945007166 12
2018131516447736064 34946963679755326 28
2033894114602451200 1169967015590974 36
23891146409049148 8946434886382845952 -2
31772445756947516 4470982756683415552 -4
1302779528019004 4393366031855452160 6
31772445756947516 4327430518560980992 8
32898311033502780 4325741703331004544 -22
32898328348646460 4325741686015860800 4
32898345394829372 4325741668969677826 10
4329418454013540352 4659062165020378174 2
4337308549454460928 183601239227925566 -4
4324897262200125440 69911736915887166 0
4337310748477716480 40046802082235454 -6
4338443244378482688 38351905983861822 0
4338443245286160384 38351355320370750 -10
4338443245454194688 38351355152336190 -4
4338443245452212224 38351355154318526 -2
4338443244376373248 38351356230157438 18
4691706731364909 8965634326060481552 20
64996228530733 4394603815154891792 16
31799100829401645 4327403863488478224 12
31799083514266157 4327122405826903056 28
31801299852656685 4326838714511802128 10
31801299852657165 4326838714511801456 22
31801299852656673 4326838714511801886 0
64201751854136380 17877294738659738112 0
67566137108937788 17585699977253224960 2
69831285748087868 17439319640538219008 4
70963774134762556 17294634914029109760 0
70963765544827964 17294353447642333696 0
70965981747937340 17294069756462530048 8
70965981746895932 17294069756463555136 8
70965844040038460 17294069894170412546 -8
4614240241033099264 4482468056301831230 14
4614240241033099264 2194639445597619262 22
4623245241264584704 2168182996810073150 14
4623247440287825920 2167617847833427006 22
4623247440119674880 2167617848001562174 6
4623247440287709184 2167617847833527614 24
4548362703957986049 4675009332896731136 48
4557387495398245121 54298523029085184 40
4557387495264027393 54298523163301896 44
4557387495398769409 54298523028559876 44
4557387495398770945 54298523028558338 44
18302629014654420992 144115059042486021 8
18302805761685456896 143938309872355077 -2
18302805417547270144 143938654006347525 4
18302805762757101568 143938308792338181 4
18302805744905095168 143938326644336389 -4
18302805762757623808 143938308791803653 6
18302805762725380096 143938308824043285 -4
18302805728264716288 143938343284707085 -2
6917534040240037108 11456304715949727744 -36
7205759983714966772 11024526534352363520 -32
7205760001165368564 11023965765971795968 -32
7206885909561482484 11022837658569203712 -38
7206890299084250356 11022833269029724160 -22
7206890316298322164 11022833251815587328 -24
7206890281871613172 11022833286242296064 -34
11022833251817945096 7206890316295963892 34
7206890316029630708 11022833252084278274 -20
17107193116491776 18393325509085707320 -4
183372702810112 9222906089663577144 10
35154559659671552 9152187580664462392 -2
35150170338361344 9151911594520689720 2
35156775993868288 9151903889353587768 10
17071732788559872 9169988932558879800 18
2169644727861277696 4693629446115494015 -26
3395576932094976 4554035587830982783 -32
2161745836327334912 107856717731530879 -34
2178669243886236672 73059649151502463 -36
2178616329080156160 73042195213405311 -20
2178669105909359616 72919599395838079 -33
2178669517217485824 72918640479381631 -38
2178669518760969216 72918636788447359 -24
2178669519302062080 72918636247322239 -32
2178669519031514112 72918636517869823 -34
76918686193221892 8947732017103781400 26
3544637485002981636 904355996885597720 24
3531126823828259076 899852259550838296 38
3544703593408037124 868824041414999576 36
3544707991184015620 868256693685616152 32
3544707991454548224 868256693415067166 28
148320686688373884 4400314936955777024 -40
152762575957199996 2126058835492220928 -16
152797898036677756 2108009114903261184 -22
144335918571392124 2107463895113805824 -16
152833081867701372 2089959532562788352 -30
152833082138233980 2089959532292239360 -34
152833082374815868 2089959532055641600 -34
152833082408569980 2089959532021887232 -44
152833082408765564 2089959532021691394 -34
16117908710036492 13818940146572066832 -30
43104322102170636 9180267714752544784 -16
70196288608474124 4541489729818869776 -22
70196288608474124 4541489729818861584 -34
70196288475829260 4541489729951500304 -30
70194080829215756 4541491937598112272 -20
69913709743182860 4541772308684144912 -28
70196288610045952 4541489729817281566 -28
18373834327357145088 72909746352358145 36
18373834327359242240 72909746341905153 24
18373834327361339392 72909746339783425 14
18373834292733149184 72909780967965569 16
8944342999150435073 43994133616026684 46
8935335937334647553 34986796922332220 54
8944413505333565697 7894830413932094 26
155084821959838720 17947133880255840287 -54
4620966802451106816 4546110239061508127 -52
4766700471643048960 4148174990736818207 -14
4757728387906702336 4139132675963682847 -52
4765055602247896064 4116042862926692383 -46
4766770840385129472 4112075824975790111 -38
4766770839712992256 4112075825647919135 -46
4766770840385653760 4112075824975253535 -48
16117908710036516 13818940146572066832 -31
43104322102170660 9180267714752544784 -18
70196288608474148 4541489729818869776 -20
70196288608474148 4541489729818861584 -28
70196288475829284 4541489729951500304 -26
70194080829215780 4541491937598112272 -22
69913709743182884 4541772308684144912 -28
70196288610571268 4541489729816756336 -32
70196288608470052 4541489729818857496 -28
70196288610045988 4541489729817281554 -14
17888351703846174012 53142587644445184 22
17888351703846296892 53142587644321856 37
17888351703846304060 53142587644314626 38
