9259541571362095104 9187202502347456511 -58
9024826945574912 18437719246763976703 -48
81086964219510786 18365657109490040829 -38
18343313799366483590 103430274343068025 0
18367855899239750016 78888174469801599 20
4754631239290053503 13692112834419498112 24
17593265037312 18446726480444514303 -54
33888405626370431 18412855668083181184 0
9335882499904765408 9110861573804786207 10
65675364463224079 18381068709246327536 -10
18319572696003394814 127171377706156801 8
16208419581333585791 2238324492375965824 36
9106612293401854 18437637461416149761 -2
1261431211944083463 17185312861765468152 -38
18158831805406190849 287912268303360766 -18
9164648371774885889 9282095701934665726 -10
18349011243095440898 97732830614110717 -10
9151460440375607551 9295283633333944064 -8
9262930826738450176 9183813246971101439 -22
35571752839151744 18411172320870399871 -32
9169072780901447937 9277671292808103678 4
9167452401878185984 9279291671831365631 -10
9338673025988146944 9108071047721404671 -12
11091389611647 18446732982319939968 -12
4582554107885530624 13864189965824020991 -16
18358866465380347648 87877608329203967 12
9294511068997025008 9152233004712526607 -6
72861642406912 18446671212067144703 -36
18429553041785400832 17191031924150783 6
18365023652543830401 81720421165721214 12
18340236159196695039 106507914512856576 16
18374118984264433535 72625089445118080 40
34713151318073600 18412030922391478015 -12
64734845518447615 18382009228191104000 24
16899726390867968 18429844347318683647 -26
18239340056093473024 207404017616078591 -10
13511074838028545 18433232998871523070 -46
168357496468290560 18278386577241261055 -34
13727157012445183744 4719587061264367871 -2
9079502018178645694 9367242055530905921 20
9249303281074962433 9197440792634589182 -34
887603535902977 18445856470173648638 -16
9277600588684648448 9169143485024903167 -34
5357122478029824 18441386951231521791 -30
70445907999852286 18376298165709699329 -6
92798209373696 18446651275500177919 -30
18374311076625940481 72432997083611134 -4
9165915749862837632 9280828323846713983 18
101706360642433279 18345037713067118336 4
9178605274257998079 9268138799451553536 14
18129782449684735 18428614291259866880 -12
18415360312927239680 31383760782311935 -6
9331939935849389055 9114804137860162560 10
108602860633430401 18338141213076121214 -8
69185428675355519 18377558645034196096 12
17829015931922815 18428915057777628800 -4
18340498964165591936 106245109543959679 -14
9205028577624907392 9241715496084644223 6
18374726208557701887 72017865151849728 -6
18411814650812032254 34929422897519361 34
18166156949874230271 280587123835321344 22
7024284224743094528 11422459848966457087 -16
108514709181153665 18338229364528397950 -18
18375017471614978557 71726602094573058 -4
9259886637286275329 9186857436423276286 -4
4646661785032597631 13800082288676953984 -22
9259581817834620927 9187162255874930688 -4
9161259917898510719 9285484155811040896 16
17717788672 18446744055991762943 -58
17745023044125441 18428999050665426174 -24
7927496050475263 18438816577659076352 -28
2271756152366144 18444472317557185471 -26
3394339712013824 18443349733997537791 -30
1420105023190015 18445323968686361600 4
18443304594440946942 3439479268604673 28
71567375366489342 18375176698343062273 -12
9338677338573603200 9108066735135948415 -8
9035985032184832 18437708088677366783 -34
12685070037393153 18434059003672158462 -24
45269973120370943 18401474100589180672 -2
18409439619112829182 37304454596722433 18
9165772175273033728 9280971898436517887 -4
18215002845971003519 231741227738548096 2
9205028500011253951 9241715573698297664 2
97050730446975 18446647022979104640 -28
9267469705661816062 9179274368047735553 -2
9197997411906716032 9248746661802835583 4
18303820014941586303 142924058767965312 8
10232253618791423 18436511820090760192 -8
9302507467504187744 9144236606205363871 -24
36028807866123904 18410715265843427711 -40
9205313579994563583 9241430493714988032 34
9187197552120783743 9259546521588767872 38
10989247731532038399 7457496342177513216 -4
13727148146688171648 4719595927021379967 -20
9290850946275196799 9155893127434354816 22
4539633555108168832 13907110518601382783 -20
3380182787960320 18443363890921591295 -34
18437646438544244478 9097635165307137 40
88195319826947328 18358548753882604287 -18
18415360174480996479 31383899228555136 -4
4228738902655104 18442515334806896511 -44
18304362082797484415 142381990912067200 6
9162538120005534207 9284205953704017408 34
145855020779046591 18300889052930505024 -2
18356910524539969919 89833549169581696 12
72154627013345280 18374589446696206335 -50
18339935876241096192 106808197468455423 -8
37297916938816512 18409446156770735103 -46
1155979565825919 18445588094143725696 4
9196593142133096078 9250150931576455537 10
9153875223858149888 9292868849851401727 -18
13793377884831871 18432950695824719744 -30
4741644951553 18446739332064600062 -52
42965205988448384 18403778867721103231 -30
9278797116247161471 9167946957462390144 -2
9261281938595382464 9185462135114169151 -14
18335626592148980097 111117481560571518 10
16985307773807616 18429758765935743999 -32
18446669022072388864 75051637162751 24
9277593930984627328 9169150142724924287 -26
17532968645951743 18429211105063599872 -24
11423287940625064959 7023456133084486656 26
9153018755656413441 9293725318053138174 -16
18230906664201166080 215837409508385535 -22
88142416203315583 18358601657506236032 6
44071409744262656 18402672663965288959 -14
17173854343471361 18429570219366080254 -20
13817577871737424381 4629166201972127234 14
34975878304398944 18411768195405152671 -22
9412169860063825663 9034574213645725952 14
79135473399439104 18367608600310112511 -16
9151407258475310848 9295336815234240767 -12
18375004311572312321 71739762137239294 -18
18375289287999502336 71454785710049279 -30
9295407447099220607 9151336626610331008 18
18337931280963157761 108812792746393854 14
9151319168729221120 9295424904980330495 -26
17261263267688959 18429482810441862656 -2
18310574965351022720 136169108358528895 -4
9153940541890785022 9292803531818766593 8
198101096757848063 18248642976951703552 24
18365374651218586624 81369422490964991 10
9265173830514128640 9181570243195422975 -28
42927849001846014 18403816224707705601 -10
9160696769197836159 9286047304511715456 6
73119606763096063 18373624466946455552 0
9331917721407558529 9114826352301993086 -10
18410883162206404736 35860911503146879 -18
9186009700191502833 9260734373518048782 4
18302688518506970366 144055555202581249 6
71092920774093824 18375651152935457791 -22
9338677338272299393 9108066735437252222 0
18393586368590855424 53157705118696191 -2
18374735237624365057 72008836085186558 -20
18356948044567190656 89796029142360959 8
9241421628964085760 9205322444745465855 -46
9197440860817184254 9249303212892367361 28
16976752703176704 18429767321006374911 -40
3477146905083904 18443266926804467711 -30
4539677010006146562 13907067063703405053 -14
9267425767775181952 9179318305934369663 -22
9277874509004652415 9168869564704899200 12
0 18446744073709551615 -64
13555278772711425 18433188794936840190 -34
72397450532722945 18374346623176828670 -26
70506250246400 18446673567459305215 -52
2170209738309500930 16276534335400050685 -28
18303818635167022592 142925438542529023 -12
15849745265868288 18430894328443683327 -20
4052718663814167037 14394025409895384578 4
9169145364771839993 9277598708937711622 6
13807936958185996030 4638807115523555585 14
9162674632730505216 9284069440979046399 -18
9151345479362181632 9295398594347369983 -18
9151598409986633728 9295145663722917887 -28
72000307459652992 18374743766249898623 10
18374324589366147225 72419484343404390 18
157626263483187200 18289117810226364415 -46
9079285720728877568 9367458352980674047 -22
17870294325653601792 576449748055949823 -28
17259172555989248 18429484901153562367 -32
9106198362243200 18437637875347308415 -34
216534887272775549 18230209186436776066 2
9231299610886414848 9215444462823136767 -28
28285294840054655 18418458778869496960 0
31604655968517184 18415139417741034431 -30
18294102970107142016 152641103602409599 10
443044062649255550 18003700011060296065 -16
9160418683676141056 9286325390033410559 -18
18384002689056061696 62741384653489919 -14
4642210879956596737 13804533193752954878 -22
8446456948326913 18438297616761224702 -44
72995800741018880 18373748272968532735 -18
36242938493174014 18410501135216377601 -24
18410571572678457337 36172501031094278 28
171207568013787136 18275536505695764479 -42
18431462906454196733 15281167255354882 30
18371021734183365886 75722339526185729 30
35578230156953343 18411165843552598272 2
7016687660836618240 11430056412872933375 -38
18374734970157285631 72009103552265984 -8
13853125627135918081 4593618446573633534 -32
1008815112625718526 17437928961083833089 -34
18433409973218490368 13334100491061247 -6
1242956191630879 18445501117517920736 -18
9259577394289485439 9187166679420066176 -10
18411768169060221056 34975904649330559 4
52285787949334913 18394458285760216702 -18
18373748135291032319 72995938418519296 10
15837692880891134 18430906380828660481 -12
73104186293864447 18373639887415687168 14
33904731011447039 18412839342698104576 -8
53689265296015494 18393054808413536121 -14
6755537417444352 18439988536292107263 -46
18435986374598042880 10757699111508735 18
317917926328577 18446426155783223038 -38
4684048224514741248 13762695849194810367 -38
18374977871812435712 71766201897115903 -18
9331900025804489087 9114844047905062528 -16
13537204983988224 18433206868725563391 -40
9263559745337319678 9183184328372231937 -16
16213839734254166785 2232904339455384830 -12
7881299384729728 18438862774324821887 -48
9167447736969658622 9279296336739892993 -6
52572764530065663 18394171309179485952 -2
74631933631742401 18372112140077809214 -24
13522078074551808 18433221995634999807 -34
18302675417885048959 144068655824502656 -16
9187137954479553280 9259606119229998335 2
18176792927187435008 269951146522116607 0
9339812319250987327 9106931754458564288 8
35543278216021246 18411200795493530369 -10
13807946012918129535 4638798060791422080 22
18340821236892434430 105922836817117185 32
13399243591163394 18433344830118388221 -20
70662145179648 18446673411564371967 -52
69893996477939712 18376850077231611903 -40
9259551221664621568 9187192852044930047 -24
18433741248627859391 13002825081692224 38
18337807617604648640 108936456104902975 20
78897021636338688 18367847052073212927 -24
63293295898051712 18383450777811499903 -14
13510953838052352 18433233119871499263 -46
81369405544010047 18365374668165541568 -22
9197076840813493376 9249667232896058239 -6
9378067085621504 18437366006623930111 -22
9265456630639565569 9181287443069986046 -10
18303819738990468865 142924334719082750 0
18128021953379534720 318722120330016895 8
18302807911327660672 143936162381890943 -6
9277600054223437824 9169144019486113791 -40
143938636421595585 18302805437287956030 4
6989587171435086079 11457156902274465536 -38
53072020622835967 18393672053086715648 -4
9227919831864193024 9218824241845358591 -38
17533286241929216 18429210787467622399 -24
79302846725120 18446664770862826495 -44
18439917874277244414 6826199432307201 34
18374399485644636672 72344588064914943 14
15800197548752384 18430943876160799231 -26
26422638805312 18446717651070746303 -54
9162538102758819326 9284205970950732289 32
18228796257808538109 217947815901013506 22
17246978048 18446744056462573567 -60
9281618660954908160 9165125412754643455 4
9205319952923361279 9241424120786190336 40
34905122547040256 18411838951162511359 -38
69185428675355519 18377558645034196096 12
18302691257219955712 144052816489595903 -14
8142609601169867904 10304134472539683711 -18
81440196880200960 18365303876829350655 -8
72422960268475392 18374321113441076223 -24
217307495897537536 18229436577812014079 -42
15546094479410047 18431197979230141568 0
9277616222971006656 9169127850738544959 -14
432385361698881791 18014358712010669824 -26
7385432970047258879 11061311103662292736 -12
18413113081879761410 33630991829790205 -12
4544253444795162751 13902490628914388864 6
10340445995294299264 8106298078415252351 -22
88707546317544191 18358036527392007424 2
87908342961868224 18358835730747683391 -26
18375004881655641857 71739192053909758 -2
88829311166562815 18357914762542988800 4
18302673211378399232 144070862331152383 -24
1225209925215744 18445518863784335871 -24
16158983719162478592 2287760354547073023 -40
40113100104958688 18406630973604592927 -18
9286324113538058495 9160419960171493120 -4
32994476691200 18446711079232860415 -42
9262824927864684544 9183919145844867071 -40
18430910674754049534 15833398955502081 26
41236790686814336 18405507283022737279 -36
18419307662415429567 27436411294122048 26
18303818893402193534 142925180307358081 2
9160424228794728705 9286319844914822910 -12
9349512649797148160 9097231423912403455 -24
9162604477623304447 9284139596086247168 -8
18337666319781363200 109077753928188415 4
9259864525483381695 9186879548226169920 2
9160422986994971648 9286321086714579967 -16
11493368483334963071 6953375590374588544 18
18413117308127577824 33626765581973791 -10
9187199742252121983 9259544331457429632 40
18420740132573395327 26003941136156288 18
12385122448101376 18434358951261450239 -42
52215263917349249 18394528809792202366 -22
43914683729707262 18402829389979844353 -26
18415651756136300807 31092317573250808 6
96766725193728 18446647306984357887 -48
9163800987595441279 9282943086114110336 -8
47292203260713984 18399451870448837631 -46
9338677338573603200 9108066735135948415 -8
18228520309631663616 218223764077887999 0
9162114251602934272 9284629822106617343 2
67262618912226944 18379481454797324671 10
9773027385090940422 8673716688618611193 -20
9151411406603288639 9295332667106262976 -20
3546871872651592189 14899872201057959426 -10
18302664423406969856 144079650302581759 -26
9151336485198248063 9295407588511303552 -14
346781247406463 18446397292462145152 -16
72142225766631167 18374601847942920448 -12
9287795389379936510 9158948684329615105 -16
96894529977344 18446647179179574271 -42
16906108037299200 18429837965672252415 -34
9338708529557210622 9108035544152340993 2
106790329330778367 18339953744378773248 2
9660336038740992 18437083737670810623 -44
18379472934191067519 67271139518484096 0
18411814650275161342 34929423434390273 32
18383438109365976318 63305964343575297 16
18411205356981845502 35538716727706113 26
142379926088155647 18304364147621395968 4
17808984539476225 18428935089170075390 -16
11061295529201885692 7385448544507665923 6
9691942956254288000 8754801117455263615 -18
33065893581097471 18413678180128454144 -8
9024960954554660864 9421783119154890751 -22
9260714418055585408 9186029655653966207 -16
9338394699846028928 9108349373863522687 -20
13801210258755681790 4645533814953869825 34
1154848590553702 18445589225118997913 -30
55348350614016 18446688725358937599 -22
9169070495908585471 9277673577800966144 12
18446691003983183743 53069726367872 44
18375430689100317824 71313384609233791 -10
17171370002690305 18429572703706861310 -28
9151625808441342208 9295118265268209407 -2
9259436224640057859 9187307849069493756 -36
18369334851633938431 77409222075613184 40
7951953212108864 18438792120497442751 -28
9350011389045229823 9096732684664321792 4
18375719744648773118 71024329060778497 34
16045449208166527 18430698624501385088 -22
18339971266772644864 106772806936906751 -6
9169143227190312830 9277600846519238785 28
