4611200477929670247 13835543595779881240 26
4611200478470747655 13835543595238771192 22
117618794880040959 18328562328876089344 32
53726174189977599 18320960305481646080 32
18378934086685245825 67809987024305788 16
9227619643869054975 9147066835802568704 16
27119735103815437 18419342863629025522 4
18446461494908878846 1103823962113 60
144115188076380161 18230571291595243518 -44
18432004943083536126 14739130626015488 38
18374119121967487745 72624951742063742 42
18405778995514966080 40965078194585534 22
18376792402552750336 69951671156801278 -2
9295217695748341631 9151526377961177216 24
